100
67 79 542
55 94 68
66 94 175
20 25 333
76 91 931
25 31 892
8 97 146
64 78 17
22 81 855
24 44 352
79 96 547
70 76 934
67 85 78
31 44 119
11 90 930
66 76 568
33 92 120
31 57 297
4 41 402
1 11 302
32 93 241
32 35 230
6 69 463
11 48 519
34 80 666
44 46 301
39 72 495
15 30 991
14 18 835
11 67 299
34 74 755
5 84 644
5 47 509
19 76 912
18 96 321
2 89 825
6 44 818
56 91 560
20 79 515
21 78 725
68 98 413
23 93 769
8 87 180
20 68 688
12 45 956
8 85 618
1 59 370
15 96 605
30 72 256
21 40 259
53 67 304
18 61 461
15 29 377
14 15 910
41 92 281
11 78 707
29 99 256
34 79 527
15 83 98
67 90 628
30 82 381
48 77 861
29 100 642
46 81 620
40 48 438
48 64 62
3 74 576
54 90 812
51 59 832
86 100 666
92 100 393
57 65 641
39 42 680
5 27 948
37 65 790
2 37 564
19 58 310
39 55 942
66 93 998
16 47 411
46 78 75
48 93 954
11 35 726
44 88 145
42 47 454
92 98 390
86 98 257
74 90 353
8 81 4
58 91 166
12 55 223
27 60 727
42 73 756
13 77 633
38 51 365
2 78 74
15 88 947
92 94 920
36 69 564
11 31 873
11 37 771
6 32 72
54 96 811
43 64 237
15 61 146
63 88 349
56 66 386
57 85 271
8 91 178
38 90 109
28 89 452
12 22 494
43 45 300
38 100 497
20 44 592
52 54 654
24 28 514
14 19 367
38 60 172
4 47 600
65 71 461
44 57 617
16 85 919
39 81 46
84 96 414
42 99 665
46 73 902
37 40 631
71 73 369
35 56 793
18 39 182
7 53 407
3 67 876
54 77 499
42 56 322
23 75 497
65 91 916
3 84 854
15 38 96
26 34 468
59 90 149
5 49 45
4 63 826
62 82 720
52 81 525
15 79 774
7 34 319
30 41 119
4 74 183
49 77 442
57 94 787
33 89 724
21 64 246
71 76 696
18 88 247
1 48 412
41 99 434
24 37 379
15 86 968
62 87 617
21 89 218
77 81 322
22 50 145
44 48 909
37 53 477
9 95 636
25 85 927
82 85 196
8 64 182
66 90 508
67 88 55
6 36 22
10 43 687
83 93 405
21 75 735
36 47 113
6 25 362
14 83 520
1 51 690
33 52 359
40 71 505
71 92 958
59 95 109
26 45 184
6 80 265
81 83 802
19 83 864
11 30 524
77 99 561
66 95 210
18 59 484
52 75 647
33 47 347
33 82 532
14 44 854
73 80 966
21 74 665
1 70 216
14 52 737
14 35 44
12 42 645
54 65 610
27 77 879
91 99 9
15 77 275
4 29 860
23 84 63
44 47 246
13 59 167
11 23 749
12 77 452
44 58 446
98 100 88
17 88 666
44 80 783
46 79 841
23 27 149
63 94 734
32 78 531
44 99 173
17 47 446
53 84 861
36 56 338
73 98 224
62 73 864
1 46 2
38 62 761
85 88 550
20 74 889
16 64 548
25 78 665
19 77 343
66 69 968
25 37 909
48 82 842
2 71 976
8 76 977
24 51 57
36 38 151
35 54 517
44 96 577
23 92 91
24 38 340
20 52 242
9 28 868
16 73 967
53 68 840
9 94 381
35 83 720
29 73 945
20 76 727
37 92 192
10 22 772
67 91 542
78 84 728
47 81 719
1 2 931
16 80 245
83 92 621
63 71 445
36 40 98
7 45 288
33 88 656
51 69 154
1 50 865
74 88 497
8 83 92
33 96 673
80 90 447
27 62 377
15 100 629
24 93 869
6 81 827
37 55 38
62 71 72
34 68 850
66 81 920
3 57 767
36 71 560
37 95 831
8 34 862
13 14 670
34 59 463
15 64 959
15 63 424
55 98 864
7 87 548
17 64 509
15 40 782
14 32 3
87 97 45
18 26 749
45 85 807
53 56 482
31 87 989
