100
43 48 547
23 51 779
38 50 221
30 84 582
62 94 150
27 83 483
41 92 876
9 73 40
72 73 822
89 98 285
13 55 76
58 81 99
72 92 91
40 88 222
29 89 310
10 61 88
7 55 849
43 99 950
20 48 523
34 80 578
17 51 313
55 80 96
59 88 247
6 95 629
57 96 114
32 38 584
39 62 452
61 66 578
28 46 234
11 89 874
18 75 21
2 68 518
17 36 725
24 52 764
14 43 700
10 75 875
25 49 801
40 76 199
53 86 565
20 98 746
60 92 938
27 58 333
13 48 153
37 51 875
62 75 985
37 67 5
26 37 676
14 15 610
82 92 504
29 99 731
46 98 865
62 99 317
37 92 79
44 72 863
6 41 211
20 94 825
29 82 663
1 89 157
52 67 738
67 96 323
11 98 874
19 49 934
68 81 375
15 33 906
12 50 176
81 87 354
18 70 19
26 43 918
26 96 498
28 32 546
43 57 999
32 61 4
64 66 860
47 90 883
69 73 80
11 41 482
11 14 438
53 96 758
44 77 714
41 85 878
8 75 63
55 97 649
39 88 918
74 79 654
21 68 701
71 80 618
18 92 628
34 53 387
1 26 505
20 100 188
21 79 150
24 31 954
31 92 585
29 49 520
66 83 863
25 81 664
39 55 612
3 96 173
11 31 211
9 40 389
30 49 887
54 73 108
30 61 150
43 64 869
1 5 412
33 40 555
2 62 474
79 82 342
35 61 402
27 72 79
75 82 326
38 90 815
54 64 570
13 22 905
60 88 188
31 70 251
4 28 460
44 46 529
60 75 280
20 72 916
7 71 283
39 57 890
21 30 521
11 87 708
24 77 619
63 66 398
16 88 201
42 99 313
38 80 552
35 79 609
41 96 51
39 93 970
40 77 147
10 92 297
54 77 838
27 53 24
16 60 573
27 93 740
15 38 730
45 51 709
26 34 929
57 58 77
44 45 554
31 86 825
21 63 638
37 90 48
41 68 348
64 73 6
35 100 721
15 79 426
56 73 1
2 29 165
1 3 314
14 92 391
11 40 300
16 61 733
4 27 355
4 46 815
2 55 601
38 55 26
53 69 426
4 99 871
42 64 131
38 58 449
37 93 546
34 49 937
16 76 105
21 89 651
39 78 245
17 60 300
25 77 357
14 51 393
8 69 175
43 73 405
34 98 542
16 55 298
64 98 355
13 52 941
3 31 940
21 25 773
49 86 145
16 58 95
53 65 892
29 78 950
9 69 597
47 48 81
5 29 657
45 61 613
59 64 447
30 98 333
5 42 768
54 56 856
2 82 893
40 43 164
56 80 509
29 42 633
1 4 448
31 59 196
39 94 962
58 78 694
87 99 22
63 84 578
65 86 146
80 83 729
18 94 182
4 6 56
76 79 61
61 79 477
57 62 442
80 95 4
28 61 141
35 36 560
23 61 535
22 47 201
29 32 195
45 59 799
24 35 821
14 58 910
22 71 234
8 15 925
51 86 665
17 61 793
13 86 6
49 54 609
23 25 374
27 67 206
5 9 140
15 98 892
52 53 853
65 90 543
4 18 434
8 28 909
39 50 271
31 81 456
39 53 186
7 16 842
48 58 623
9 14 543
37 86 536
57 89 484
24 75 32
67 81 209
2 26 333
27 64 789
58 85 280
13 87 303
10 74 131
8 86 88
13 36 110
52 88 690
84 94 757
32 76 563
12 63 85
37 79 946
39 49 548
31 84 882
45 52 208
74 99 225
64 93 240
40 47 799
26 54 882
30 96 532
22 34 41
51 69 80
1 44 597
22 43 697
7 62 576
13 39 648
3 19 848
9 68 607
16 91 537
47 51 288
31 94 878
53 71 370
41 76 956
97 98 704
5 41 956
74 88 847
3 57 908
8 34 208
17 92 920
4 50 427
24 58 896
47 65 362
88 89 513
7 56 966
35 71 223
74 93 108
1 16 37
20 39 682
