1000
539 882 518
152 282 75
385 855 966
152 649 828
834 957 908
119 165 865
446 892 868
790 912 652
312 975 493
722 742 920
743 976 873
30 569 606
523 616 749
188 320 683
613 737 678
709 994 328
265 729 422
291 601 26
255 360 773
221 648 789
248 538 637
507 523 670
364 506 41
350 455 746
425 812 923
300 680 201
835 857 208
503 767 928
362 497 878
144 836 356
792 900 278
585 945 245
250 330 805
644 768 379
560 602 775
939 981 500
33 830 739
613 958 955
900 968 995
270 940 311
767 854 70
46 363 30
177 456 126
73 271 14
349 714 1000
483 680 147
159 345 36
197 918 212
538 882 429
707 857 834
121 644 663
785 811 27
517 728 698
24 99 487
422 743 172
121 998 538
51 763 274
103 786 847
402 883 618
318 423 974
194 241 924
217 784 811
836 984 324
333 666 756
420 738 89
4 993 761
140 855 439
137 865 563
13 621 984
493 869 280
907 991 513
118 237 367
339 752 796
201 759 444
627 921 268
166 311 535
443 670 578
398 938 627
80 707 983
224 414 839
421 732 788
44 649 402
460 822 543
304 550 524
265 800 187
644 740 799
171 790 879
300 946 303
118 681 253
232 776 726
28 103 979
10 619 40
724 808 149
227 880 178
175 752 28
569 873 900
127 747 675
131 630 808
716 802 380
44 205 771
729 775 818
767 987 285
178 849 674
336 659 941
276 387 612
799 864 9
388 593 754
81 225 581
542 886 60
46 609 42
711 869 225
12 529 68
348 409 508
3 878 798
225 706 447
449 758 533
416 505 719
90 192 435
556 997 321
95 148 919
54 478 906
103 903 882
259 627 671
481 935 575
264 923 510
138 956 77
380 383 646
143 397 235
57 836 642
167 315 123
209 513 359
601 775 231
817 834 147
18 41 527
274 447 850
293 481 253
722 833 47
47 214 778
152 782 746
139 852 882
636 910 913
198 248 491
334 913 398
5 735 120
120 652 860
65 285 610
446 946 445
307 328 661
313 991 341
26 224 326
915 925 461
84 926 715
305 927 380
359 368 834
64 450 789
671 673 966
219 622 703
370 718 554
336 962 446
689 834 601
121 256 22
7 430 344
103 257 813
909 974 841
55 418 11
93 875 842
131 594 419
98 899 12
427 827 737
349 562 68
7 76 355
417 935 526
946 982 629
275 748 441
530 778 579
673 882 543
492 528 388
275 458 179
60 844 330
223 384 82
121 926 444
489 578 791
96 748 639
865 948 936
132 231 417
151 581 939
137 143 240
181 862 960
476 834 143
313 462 798
428 777 298
507 768 27
113 147 566
467 494 99
446 588 999
86 439 855
18 815 290
403 923 715
26 290 776
523 954 626
532 912 585
166 462 312
98 496 692
154 398 857
670 846 695
13 121 391
35 385 267
259 962 851
421 660 56
593 835 239
79 968 856
245 496 901
365 823 484
370 867 190
157 799 605
720 949 2
465 718 785
434 579 369
262 341 263
379 753 400
73 274 693
157 466 379
146 837 952
285 837 625
229 480 389
801 809 336
155 991 238
281 520 814
301 693 85
264 885 635
561 961 727
66 417 833
489 574 161
272 980 12
94 595 520
313 377 140
316 552 386
137 171 662
104 274 485
471 984 392
256 535 357
269 303 410
161 686 907
19 312 502
847 966 636
80 442 203
762 810 101
66 869 850
433 558 620
80 585 195
140 435 301
17 56 179
71 133 920
623 680 598
631 845 223
65 340 951
66 519 673
161 889 750
153 953 332
549 719 198
286 767 595
145 301 433
68 435 723
248 879 70
303 549 587
162 667 859
70 387 211
362 568 47
131 541 906
318 921 600
409 810 17
16 843 732
392 746 619
251 583 949
43 307 955
776 932 15
11 209 777
15 697 30
16 900 61
612 731 803
668 853 913
7 805 92
245 810 614
216 780 750
452 500 411
181 210 393
255 890 237
222 392 583
472 980 35
381 540 93
246 666 1
428 691 475
843 852 515
886 938 340
69 772 966
511 691 991
523 663 895
138 763 815
765 984 217
83 521 857
624 803 177
127 368 416
527 869 127
160 381 275
362 742 131
300 653 150
273 323 564
5 924 674
361 538 407
274 943 315
831 933 545
297 470 126
3 882 546
269 872 129
54 710 778
182 395 523
111 531 407
274 830 439
101 553 211
239 447 307
654 724 57
658 747 189
516 733 647
224 987 94
284 893 782
201 509 355
85 775 416
506 812 478
33 660 908
453 543 60
862 885 826
77 227 162
764 931 814
185 194 376
42 733 779
337 911 962
135 340 82
194 816 300
525 972 221
214 311 77
108 846 323
630 975 466
920 954 252
158 216 552
151 691 771
484 936 741
657 714 340
233 616 220
420 688 733
38 835 755
562 841 236
33 62 876
597 876 736
39 79 60
18 151 284
420 519 992
220 785 300
117 635 528
8 385 288
800 941 934
610 972 181
39 764 57
543 828 735
35 825 141
109 888 70
255 774 541
537 840 864
94 103 831
95 202 137
244 528 154
726 888 278
442 639 226
60 162 773
616 626 269
398 566 930
723 851 545
135 577 689
446 770 489
31 880 635
567 578 727
74 213 772
257 979 487
297 579 538
603 903 351
34 406 46
192 470 4
909 973 375
396 736 858
399 515 553
497 673 408
724 956 13
555 599 976
137 754 807
302 903 281
211 942 666
158 235 811
663 870 418
206 759 305
156 472 415
525 833 311
307 870 459
364 603 483
118 516 180
422 447 304
249 731 378
255 899 877
56 75 262
77 715 385
476 835 848
739 863 142
669 952 475
304 980 163
47 772 708
159 906 416
274 416 682
28 87 674
90 698 797
188 301 444
830 836 111
126 737 976
182 823 678
499 945 14
324 863 753
486 872 304
323 845 599
404 587 30
75 83 250
288 712 61
110 951 559
597 763 204
33 784 705
179 526 725
328 372 998
720 950 163
274 401 725
728 757 662
841 851 154
3 493 873
44 263 384
135 216 252
125 492 508
474 676 726
67 335 735
492 960 411
328 929 467
2 702 782
295 359 929
135 510 315
393 747 357
376 941 421
76 406 705
99 975 703
595 978 92
51 880 689
125 191 293
328 671 260
772 944 988
578 611 905
431 517 113
307 523 596
364 552 873
401 562 727
147 178 980
155 591 17
229 850 296
751 957 579
186 519 360
224 885 257
82 948 854
912 977 836
198 562 71
570 993 601
609 845 604
63 772 364
13 583 986
769 957 885
535 966 114
51 349 879
86 623 379
313 602 894
244 682 898
799 866 166
91 733 352
535 676 479
493 673 879
5 645 129
144 823 379
883 898 141
238 655 60
432 871 8
350 453 772
523 985 215
925 965 996
217 400 598
226 350 43
398 750 113
240 878 93
378 756 948
79 205 402
789 976 796
488 598 581
101 278 780
158 871 154
626 695 340
140 677 338
345 653 281
487 638 37
57 257 211
833 864 199
172 214 342
409 700 455
466 951 387
552 588 928
954 992 606
59 716 242
300 306 105
764 783 890
105 158 281
677 896 38
306 927 393
237 905 803
163 634 971
100 391 78
553 771 417
128 370 386
57 76 890
171 180 390
216 555 459
47 652 120
582 981 341
262 559 665
265 281 479
364 833 131
114 664 266
42 205 455
528 892 468
341 479 755
269 338 181
346 583 714
286 575 191
94 249 116
277 839 968
353 417 687
201 757 746
239 917 239
386 833 785
294 894 71
670 741 579
360 710 668
490 669 775
554 834 766
169 480 645
112 408 67
49 650 439
770 874 537
109 582 588
357 559 589
97 134 532
351 537 509
3 246 976
866 946 568
741 806 780
351 686 811
887 1000 870
126 362 140
230 388 341
219 949 321
93 916 890
343 364 545
590 727 354
295 457 184
427 721 202
210 227 414
90 573 675
698 828 412
664 964 906
38 885 180
210 370 881
390 711 284
31 352 157
306 673 590
37 991 138
466 923 791
493 699 713
472 740 124
107 919 608
368 917 753
348 411 339
501 871 378
372 529 462
530 695 656
531 945 475
424 526 710
355 766 78
105 267 532
177 950 469
81 274 645
468 566 391
323 493 749
252 345 12
56 176 734
259 629 281
441 890 441
609 885 554
192 687 401
800 942 342
717 999 256
207 617 250
333 926 953
619 665 112
415 924 65
288 336 799
661 913 370
60 204 373
908 994 601
362 420 763
325 816 917
201 365 663
36 805 690
745 893 294
286 677 781
269 937 185
396 664 209
53 882 943
202 412 224
494 924 988
351 637 839
13 309 871
165 586 488
741 939 341
245 316 498
236 820 619
71 656 928
516 547 872
612 856 211
24 737 953
654 838 513
318 967 167
407 626 406
358 452 709
361 416 990
702 885 582
529 569 345
201 408 195
188 754 18
67 483 922
413 787 620
93 523 239
211 654 473
393 863 274
214 481 878
426 541 633
328 868 180
147 296 848
171 478 158
15 353 222
200 446 642
328 755 226
738 930 610
445 900 725
82 574 667
47 688 81
600 959 108
217 733 514
15 406 903
203 862 210
171 252 654
290 514 576
347 479 97
351 511 763
83 885 831
929 953 340
364 890 572
347 588 312
648 799 772
632 750 776
105 971 760
640 675 428
333 898 507
30 994 613
70 831 118
146 231 100
352 944 494
745 958 80
248 513 776
339 682 122
507 608 374
530 806 954
149 550 129
350 377 422
162 915 868
1 535 338
143 980 911
192 230 210
469 646 363
206 774 960
59 374 878
222 593 374
353 774 993
317 675 807
430 898 724
162 740 159
35 78 19
457 800 335
242 566 467
296 610 261
25 36 808
125 491 681
309 740 62
115 357 967
289 856 2
538 797 583
78 82 668
707 894 125
124 276 675
100 285 878
279 958 568
121 870 783
121 862 474
56 923 731
254 514 499
402 763 698
432 942 55
54 277 974
510 763 864
4 746 853
690 805 351
730 982 439
90 472 825
167 509 412
104 419 151
75 98 750
60 406 367
307 447 273
490 535 771
147 734 959
830 865 919
576 811 126
294 674 113
813 978 593
649 945 67
50 446 727
640 860 15
509 534 894
22 824 212
210 696 860
157 991 870
429 858 663
253 630 372
296 913 845
98 261 804
597 813 262
408 439 764
19 871 846
701 863 378
758 784 411
616 873 436
193 680 480
732 891 343
326 908 583
330 451 280
206 342 491
227 857 951
158 725 978
179 666 953
810 984 72
410 458 358
802 984 821
16 845 990
440 521 874
188 715 338
101 358 325
48 126 954
117 971 639
488 885 619
654 792 951
612 630 210
135 477 318
401 755 715
517 709 202
6 74 984
182 338 411
294 465 195
209 239 994
200 502 300
548 871 914
246 617 611
199 213 715
618 724 223
587 623 968
74 950 678
347 406 674
185 503 573
647 757 794
7 602 332
136 794 682
898 909 227
83 813 262
800 899 661
88 661 658
289 386 729
329 685 901
950 985 343
294 925 9
8 118 780
691 731 870
226 942 348
134 645 606
130 680 278
653 828 90
356 652 475
623 718 571
402 468 938
956 979 772
541 583 266
438 517 557
294 601 958
434 852 499
474 857 405
36 992 236
831 935 661
408 583 121
800 998 383
218 474 79
451 555 956
384 496 649
298 329 440
314 881 358
740 782 328
488 548 310
503 915 264
900 943 162
608 964 120
93 772 554
194 765 875
386 731 700
702 797 618
133 526 658
188 751 489
449 937 311
186 504 446
538 853 90
483 598 451
516 908 67
46 983 410
197 681 532
20 246 919
486 928 824
385 567 744
116 543 712
134 138 749
708 827 385
230 919 216
77 852 485
371 587 313
65 948 793
252 478 903
686 897 786
513 733 864
151 915 620
423 910 316
536 921 294
442 936 958
118 349 698
891 991 990
341 498 752
70 720 826
566 757 177
695 915 361
596 632 339
190 713 636
528 1000 156
636 905 757
88 911 255
697 763 599
402 625 993
238 725 802
477 867 435
464 882 233
288 448 559
23 40 10
446 945 105
250 286 739
303 776 541
808 851 466
179 790 120
164 194 85
149 626 801
352 354 967
486 989 914
602 986 604
718 728 416
420 443 948
210 787 167
727 794 737
106 832 364
20 624 388
438 771 808
387 707 420
746 880 893
180 654 96
334 451 755
319 405 603
233 236 509
231 841 101
461 964 741
279 695 641
1 103 637
3 657 884
387 782 671
229 457 429
109 593 477
497 897 69
281 384 679
656 724 562
142 579 233
167 916 390
306 932 504
128 396 751
223 397 644
156 474 134
621 746 447
117 827 161
262 714 37
748 755 64
114 511 390
93 130 434
8 464 536
337 548 113
302 726 732
235 593 179
556 633 144
152 591 390
9 970 924
200 504 145
69 730 582
599 713 45
221 527 450
38 79 789
481 674 121
799 904 500
714 912 357
221 672 578
57 583 452
683 919 807
28 192 815
376 756 28
45 890 499
139 706 760
143 934 468
238 685 815
31 961 981
253 593 150
16 53 6
879 882 613
236 656 684
70 215 452
24 544 718
261 989 36
54 652 681
111 597 857
460 966 864
23 899 686
137 848 680
616 925 202
144 280 517
67 672 266
654 658 50
345 774 186
56 719 579
326 579 411
77 327 424
318 627 613
211 641 368
345 695 264
366 863 791
354 959 311
171 287 683
617 995 284
15 678 59
91 452 392
388 532 745
600 894 246
431 918 49
582 690 278
254 515 812
439 695 238
678 779 503
47 742 35
547 806 10
635 993 641
121 959 400
419 776 950
259 575 979
21 580 213
119 161 153
125 624 847
553 967 333
75 263 600
60 689 328
587 672 491
217 978 640
329 688 898
535 960 220
536 930 46
424 668 690
65 158 441
191 458 432
543 865 263
178 919 196
369 768 747
463 970 876
753 922 116
493 671 773
95 255 522
23 370 541
762 920 36
406 516 75
398 978 983
112 125 617
244 586 426
198 385 943
370 928 779
170 996 95
303 704 955
182 563 876
143 811 431
277 485 440
317 996 921
222 267 811
222 931 16
300 857 233
20 552 299
79 296 622
258 357 990
93 838 257
249 752 3
250 667 467
141 536 17
775 857 663
447 760 291
529 631 395
63 936 826
390 392 148
33 653 572
31 398 34
162 491 739
760 962 256
38 745 565
357 429 168
513 933 941
534 605 902
258 856 544
151 264 385
290 864 587
630 785 276
321 325 849
414 990 741
75 338 983
368 728 427
419 804 602
502 823 738
472 838 227
19 123 899
536 783 58
129 719 978
39 324 371
117 612 519
744 914 557
229 598 674
721 777 218
717 961 79
683 817 192
540 862 510
812 987 680
14 45 649
570 741 525
437 938 31
97 585 654
762 845 311
126 684 572
571 801 623
79 766 890
174 806 196
247 549 693
288 532 963
290 376 31
184 852 792
115 552 635
371 466 114
649 654 887
184 631 789
33 877 502
361 680 42
353 988 619
121 360 672
283 521 181
550 585 441
516 585 384
165 907 389
541 906 169
637 725 627
249 652 656
121 586 390
84 570 807
901 999 229
560 823 41
147 417 676
43 272 908
725 852 859
470 817 746
492 552 669
552 953 339
149 469 975
815 820 900
114 859 339
489 618 923
129 521 311
846 942 566
260 309 872
76 343 290
779 829 29
51 505 530
161 265 615
493 948 98
596 667 53
100 874 588
218 509 616
256 722 848
540 930 814
247 890 65
393 479 598
19 373 815
840 939 926
58 872 555
442 651 273
408 791 452
465 794 112
62 388 38
190 601 692
514 551 168
52 666 163
644 934 430
260 943 501
209 961 279
230 757 345
356 816 960
268 402 437
930 995 17
442 493 857
331 765 836
446 769 169
322 787 426
109 650 535
376 472 222
361 644 219
37 445 660
741 937 29
345 952 851
724 872 321
172 491 859
244 501 665
63 915 390
690 763 191
392 677 493
319 330 32
51 1000 946
103 483 826
113 615 448
223 750 865
189 842 198
104 209 443
198 920 388
137 320 468
781 919 368
690 940 382
820 963 760
67 544 274
243 450 174
65 998 947
531 769 410
57 138 649
4 647 861
596 985 921
595 646 304
229 908 54
657 683 209
307 974 182
329 778 725
56 78 121
630 712 492
194 420 1000
576 692 897
42 240 675
319 748 805
605 823 470
342 839 414
539 548 417
632 863 3
248 660 224
126 661 151
22 560 91
231 458 561
277 750 812
499 946 979
100 755 547
288 493 220
983 999 889
148 893 604
615 689 307
162 913 566
92 722 496
438 962 364
866 905 721
434 797 920
628 691 365
171 850 604
323 559 204
231 910 74
567 976 299
245 286 141
482 736 310
448 560 293
64 704 537
33 631 106
289 749 980
54 943 896
461 999 583
141 725 293
295 352 982
578 860 545
707 864 133
154 608 413
525 559 627
251 556 271
785 834 267
44 967 749
216 820 824
68 829 40
52 474 259
324 327 265
141 951 924
314 477 691
109 360 176
368 558 182
243 478 303
206 726 794
316 693 432
601 929 217
657 663 238
129 738 883
95 843 275
282 756 341
523 542 585
263 795 558
307 859 667
34 545 66
381 854 254
152 940 520
502 970 22
144 524 407
329 512 346
60 400 841
576 958 217
153 611 966
126 512 959
348 522 203
402 494 455
100 663 839
417 903 940
75 979 483
205 864 861
568 688 199
219 652 496
831 909 926
558 847 766
102 379 539
240 752 2
151 380 329
689 829 55
306 455 591
606 842 503
44 343 488
538 706 47
482 644 68
139 173 720
430 924 867
396 724 503
435 774 996
177 451 165
767 802 603
219 840 903
383 981 180
68 115 356
234 263 952
42 594 203
315 714 907
34 46 392
210 431 100
363 931 725
241 323 72
573 952 435
266 380 778
582 814 511
551 821 524
534 973 889
77 961 653
47 618 583
655 875 226
553 913 634
846 962 473
151 536 768
99 347 245
364 813 792
700 823 623
347 537 219
419 948 854
213 432 261
734 754 487
347 694 153
442 914 388
207 662 422
78 778 123
934 996 119
108 441 77
164 635 89
192 868 460
93 444 937
576 922 61
383 443 273
175 202 234
325 857 498
221 280 759
615 616 328
653 907 785
143 921 738
735 787 753
425 543 369
95 496 456
173 294 114
247 725 112
331 550 998
371 469 132
62 858 586
68 403 101
380 524 2
884 908 927
560 970 483
262 390 461
568 793 249
612 887 556
410 556 840
380 722 695
141 652 612
242 719 291
323 914 334
238 832 403
542 891 774
120 382 203
358 648 924
343 723 466
258 906 965
82 710 249
525 968 999
587 815 132
42 360 675
777 795 157
9 353 911
601 767 338
195 394 596
548 654 760
471 713 273
272 897 236
510 817 620
506 884 911
167 208 805
189 632 201
68 555 961
400 858 879
643 783 831
481 954 415
173 932 857
536 876 991
63 272 59
352 841 382
363 570 439
15 93 292
146 476 626
94 446 434
22 715 777
89 830 918
222 537 701
246 277 710
907 967 707
289 428 401
661 700 838
65 212 498
438 709 349
218 655 592
369 553 167
504 816 211
252 866 686
170 957 314
541 730 485
447 895 783
53 992 308
205 953 250
192 268 776
266 527 636
214 969 310
451 521 166
253 941 551
266 926 689
605 872 271
659 925 86
314 898 94
266 865 25
306 542 30
112 721 823
97 355 469
586 953 971
146 858 171
681 907 840
776 913 537
157 378 40
480 956 452
133 753 373
105 202 106
33 293 499
569 731 609
141 914 707
310 779 134
630 956 759
439 685 687
389 424 476
56 881 415
252 397 314
8 323 241
436 708 358
790 910 316
246 710 512
618 957 359
450 987 394
463 579 117
526 807 627
309 349 69
36 535 367
143 285 887
94 293 229
579 955 254
142 223 588
127 423 657
403 561 585
709 921 643
154 280 797
252 791 905
92 572 63
588 665 811
779 948 775
357 640 238
236 259 558
992 993 489
98 380 783
102 348 462
361 726 153
312 547 154
36 58 989
364 479 567
793 865 834
421 608 831
728 842 575
505 727 232
365 963 307
831 846 883
563 696 268
370 638 324
76 684 698
367 415 797
24 367 758
150 499 936
98 928 371
563 598 301
495 680 690
429 783 326
171 430 14
167 954 773
177 610 168
643 937 643
789 875 10
703 981 60
172 931 77
194 231 441
86 953 967
696 861 953
548 710 727
199 378 784
539 761 624
320 561 258
372 874 664
162 937 844
57 790 205
207 780 841
372 921 647
583 822 934
145 228 581
160 487 685
514 714 738
146 198 317
38 504 169
463 837 714
268 373 664
624 907 664
507 513 863
473 913 977
205 918 838
956 970 969
4 335 283
226 235 438
541 608 695
343 768 584
234 763 772
404 644 658
117 823 852
16 388 474
14 659 697
74 134 779
425 560 91
279 309 611
306 373 172
399 816 72
550 720 736
370 640 310
153 222 585
553 916 938
279 426 109
145 578 651
112 571 942
23 929 155
427 600 44
746 950 61
317 582 111
474 533 732
145 979 311
497 668 140
231 659 754
185 975 825
116 241 792
244 302 610
444 696 416
945 965 812
324 390 445
458 912 743
480 652 323
228 890 618
232 381 7
432 879 45
681 876 354
501 911 179
742 839 894
449 748 449
51 848 560
253 867 489
294 468 146
388 921 500
725 912 914
321 426 569
195 401 225
642 752 33
315 792 527
912 930 294
51 622 823
199 350 756
302 669 655
428 862 867
221 851 443
539 626 852
542 705 626
317 352 641
450 771 800
513 615 315
308 357 655
613 702 11
441 762 607
66 211 370
769 782 836
130 564 489
291 635 35
398 829 998
390 893 657
196 932 530
123 652 34
288 423 164
731 973 950
535 994 218
244 936 296
123 637 508
496 649 413
334 601 1000
69 212 219
616 825 609
67 975 828
512 832 856
692 758 691
434 802 885
163 480 428
108 345 396
393 607 769
205 613 943
935 983 649
771 782 190
542 719 27
211 349 688
936 990 242
168 616 856
387 902 877
146 724 566
211 714 819
226 908 378
91 352 317
276 406 688
258 617 136
309 330 530
223 756 773
495 877 494
306 812 571
279 995 763
85 612 530
565 810 534
58 584 665
155 922 918
691 892 834
342 492 264
346 995 815
302 846 262
32 318 522
63 275 156
122 957 77
87 393 990
299 761 367
104 367 303
52 983 684
147 829 68
230 830 127
86 306 84
325 538 434
91 744 116
131 337 693
79 559 408
136 441 613
164 495 117
187 582 878
264 477 20
160 540 99
291 996 118
20 83 413
523 997 656
179 795 125
199 676 617
348 866 153
240 859 33
922 945 438
537 542 46
519 986 329
383 804 798
201 209 17
563 863 393
31 157 591
97 497 315
824 844 38
474 717 483
936 954 583
645 990 880
650 712 889
380 759 506
36 475 271
833 947 683
181 779 997
340 817 922
10 77 693
287 635 743
309 479 550
310 776 350
204 267 254
211 949 673
327 719 36
147 157 917
534 539 916
578 651 473
25 569 537
172 952 231
413 418 861
340 457 657
534 906 514
99 261 931
280 489 137
246 596 769
798 815 841
240 477 31
122 725 148
151 579 529
100 185 840
456 710 260
489 870 115
134 533 851
886 919 98
874 935 490
468 820 576
441 628 182
191 544 713
319 639 754
69 616 382
51 245 863
235 880 161
117 380 901
584 851 317
184 577 145
38 300 660
846 934 173
136 292 779
142 510 124
571 728 99
18 696 342
519 792 923
481 498 321
614 617 39
120 797 438
84 952 167
240 726 191
280 488 310
28 647 56
413 655 891
325 451 482
318 788 178
162 736 741
330 521 818
457 804 544
98 974 852
339 456 484
237 749 537
625 807 444
81 769 870
323 988 307
50 572 414
107 565 305
136 194 625
86 621 867
551 557 836
238 280 995
759 910 91
315 529 370
915 990 296
332 884 457
389 395 149
690 846 115
216 677 178
548 624 621
275 492 284
4 726 287
6 396 115
30 262 460
531 799 188
347 398 263
510 846 5
152 656 520
124 212 13
108 689 931
91 901 141
535 876 710
350 882 833
652 904 940
69 810 476
921 985 694
246 338 555
400 408 986
553 742 261
271 431 640
382 541 723
588 984 86
271 476 214
848 949 754
153 609 552
243 909 418
139 658 710
731 992 780
493 557 422
95 265 450
680 797 597
679 721 696
153 899 362
740 961 600
2 168 501
455 518 316
98 257 386
255 749 954
33 838 125
89 578 531
257 798 3
611 965 721
297 525 844
374 621 876
15 923 765
32 750 956
491 963 951
243 641 457
171 961 913
98 611 522
432 435 148
35 110 408
1 130 789
150 301 577
481 731 232
354 862 320
284 565 256
270 576 941
699 802 570
910 912 33
772 913 362
39 146 207
55 316 538
81 408 171
104 967 517
301 659 334
34 782 70
56 810 178
272 935 284
848 968 826
138 816 267
686 873 939
215 284 443
683 818 329
26 723 259
27 310 768
28 101 952
329 546 5
38 394 795
395 699 555
251 453 100
108 458 363
130 676 822
231 268 533
105 904 608
127 207 313
588 851 712
257 559 648
238 684 906
154 337 609
83 365 116
305 795 641
412 537 956
292 487 908
240 816 437
151 444 182
835 971 628
18 531 430
438 904 767
280 534 900
723 810 464
693 910 124
269 866 539
1 460 436
27 656 510
594 782 955
20 719 87
73 323 922
168 617 583
150 457 41
533 888 574
291 357 625
383 971 653
13 89 95
371 896 215
154 395 364
30 45 589
379 413 687
966 969 561
290 422 547
149 353 359
336 424 846
34 931 989
243 491 689
290 648 581
682 902 335
95 751 274
323 464 118
34 645 607
419 965 312
132 266 379
498 886 645
798 835 536
14 242 898
843 886 568
700 981 646
847 870 759
114 294 216
21 859 201
298 304 659
194 353 977
251 368 236
26 422 207
348 605 468
45 539 152
762 991 344
25 407 403
286 686 517
18 605 456
169 336 244
351 632 712
796 923 119
232 988 956
788 795 980
37 297 465
352 469 404
83 103 174
214 975 623
31 783 717
88 463 875
129 275 11
465 731 320
141 460 523
590 645 898
28 646 949
90 619 101
384 453 720
318 603 912
231 730 481
436 514 892
516 846 937
167 690 672
538 770 405
78 123 945
101 186 806
23 870 667
590 982 962
45 419 4
121 837 727
125 149 972
197 760 25
114 134 491
100 501 406
565 781 621
87 217 583
60 843 721
340 730 738
24 209 413
159 717 846
381 621 231
441 808 94
61 623 146
426 658 558
80 376 415
34 681 661
539 573 718
639 740 948
303 310 467
769 964 938
518 697 642
583 989 545
341 402 124
397 416 137
22 567 92
459 875 232
260 872 535
99 192 144
136 342 57
191 688 89
674 714 248
622 748 882
571 874 666
769 978 704
745 947 582
230 517 313
321 767 181
362 389 797
745 860 673
28 482 355
356 983 245
13 114 842
465 549 854
357 543 410
361 724 502
328 491 252
115 203 69
145 234 891
746 974 745
118 744 227
178 277 510
325 450 373
478 736 81
172 315 310
275 962 539
404 806 105
64 707 940
374 800 627
569 938 835
426 591 778
219 865 72
578 808 892
101 333 66
854 901 783
376 836 454
430 609 771
343 384 926
551 607 231
681 997 4
298 515 619
102 873 903
16 516 801
475 953 954
112 989 173
600 834 129
436 772 950
772 958 543
61 973 267
458 687 295
119 640 284
967 994 460
208 792 353
80 592 808
256 639 430
681 970 821
346 762 379
298 377 769
191 502 164
174 719 617
13 978 136
14 85 845
342 870 269
293 418 693
423 547 756
86 379 122
14 452 976
346 540 976
114 918 123
49 535 595
278 312 665
122 438 453
361 918 418
412 566 326
199 734 211
211 244 947
71 416 237
412 719 160
295 876 812
351 688 33
20 581 957
426 892 142
58 355 356
554 684 176
6 515 707
98 608 183
266 852 404
763 894 446
432 436 729
54 799 340
310 437 100
148 336 308
702 923 949
115 799 212
79 376 493
284 784 252
712 843 373
435 952 269
379 515 568
385 445 688
815 943 886
315 941 426
302 961 892
46 815 958
164 930 65
315 794 128
341 790 954
199 344 406
311 930 430
316 596 161
743 927 734
484 770 411
329 711 301
610 688 182
151 477 325
428 825 457
557 788 874
268 565 297
341 473 953
678 1000 557
5 338 215
304 865 125
382 574 9
244 571 798
101 926 884
230 626 640
17 29 488
493 528 747
37 470 975
156 736 415
362 477 722
166 521 78
465 988 767
541 755 975
28 554 967
602 963 14
611 915 599
463 494 660
692 752 106
14 540 554
92 260 74
318 834 551
31 187 638
365 905 379
461 842 991
101 419 203
33 579 717
560 860 83
181 492 132
426 517 102
229 464 63
497 920 967
133 666 828
445 664 963
102 817 536
72 484 1000
203 586 813
8 588 483
336 425 755
263 408 456
184 906 16
699 958 648
919 993 981
868 991 876
164 655 448
656 907 947
86 999 267
534 863 569
77 800 182
381 682 512
364 931 959
518 722 98
156 951 554
359 664 67
60 347 747
79 553 58
282 973 260
670 696 307
304 668 475
585 637 131
503 526 527
508 916 729
112 185 724
148 365 770
28 415 842
446 954 350
24 307 987
166 565 539
408 569 292
121 418 726
210 893 587
361 767 681
399 965 289
171 874 614
478 634 413
158 628 17
669 883 919
554 725 151
689 890 458
227 775 631
470 661 41
132 998 483
222 526 448
229 274 402
457 927 810
64 535 645
218 415 993
215 304 305
145 810 135
685 944 292
68 965 902
586 646 416
551 920 911
190 368 978
266 416 563
711 726 946
250 486 542
280 380 724
686 708 580
247 278 443
711 983 579
642 694 403
355 913 33
543 618 63
895 924 108
55 796 937
65 772 121
47 924 343
485 623 632
312 939 252
169 870 769
855 938 399
35 845 802
165 242 700
265 676 230
360 614 367
174 755 849
485 978 567
312 632 953
122 403 949
714 895 467
22 790 77
619 822 274
73 222 461
248 340 31
784 912 699
184 784 55
370 667 3
524 978 307
84 809 462
512 778 196
567 812 780
145 603 419
261 873 612
555 893 396
58 319 260
444 544 210
484 501 261
174 393 102
380 678 68
492 936 157
382 492 861
664 915 326
457 955 483
702 847 470
672 882 185
127 568 153
315 674 24
137 646 155
232 260 250
655 716 887
91 475 32
509 872 998
863 873 483
258 990 726
392 468 713
432 981 576
225 770 619
85 538 905
251 782 431
119 271 4
346 985 27
39 462 331
229 940 18
105 598 40
790 937 152
493 999 978
243 704 310
293 464 695
341 452 517
454 877 27
860 992 125
807 811 780
498 609 161
199 955 319
809 899 204
26 415 273
152 846 469
268 368 621
198 241 269
164 289 812
277 526 602
317 797 182
9 596 485
14 743 299
398 582 987
97 883 406
843 892 37
89 727 276
143 822 591
194 210 931
323 638 651
577 683 612
671 865 202
106 133 270
88 392 5
698 961 683
36 168 205
296 693 101
568 769 648
112 653 767
370 609 868
393 558 533
383 977 15
132 845 930
31 373 22
215 248 677
188 688 385
391 877 272
341 578 235
16 609 46
163 914 337
77 706 25
337 923 589
864 980 131
457 880 231
764 885 706
492 592 291
219 264 146
80 82 933
206 566 499
820 822 274
307 925 628
270 275 37
758 902 158
510 872 514
403 430 551
226 727 479
83 834 457
526 960 627
178 594 617
484 658 140
713 924 568
678 926 207
522 775 571
293 500 283
523 655 932
230 785 125
56 360 119
37 64 816
84 173 303
286 801 885
14 336 331
688 955 169
322 665 38
567 705 732
731 895 778
1 544 761
23 115 332
232 994 279
28 555 692
140 173 38
182 528 501
224 262 97
740 886 318
45 872 717
451 529 113
417 641 161
370 675 452
478 558 545
357 935 816
230 447 860
90 738 793
720 885 309
44 311 697
399 567 2
244 414 84
437 934 451
249 512 330
586 897 491
400 526 693
393 663 775
538 812 539
15 628 24
141 793 110
366 792 426
150 553 377
600 652 234
198 945 493
99 524 157
372 536 448
85 609 404
565 823 237
16 732 547
397 883 374
294 503 365
43 53 472
655 986 865
52 269 977
74 837 866
91 862 302
80 205 686
320 636 511
363 574 257
442 739 640
209 632 961
359 522 753
344 481 450
90 269 266
809 825 590
656 682 753
77 513 255
170 357 590
874 977 613
218 617 29
312 750 583
848 903 821
813 907 912
235 806 474
153 607 306
373 956 574
26 326 502
670 859 562
469 634 271
961 978 292
67 799 813
50 211 928
112 967 716
199 566 774
737 907 704
650 770 637
296 766 961
430 873 636
314 910 880
496 997 164
349 961 211
249 691 88
586 850 11
37 232 535
560 889 249
445 514 65
229 354 204
83 259 396
3 663 136
153 294 766
140 612 505
470 999 239
440 694 903
578 996 419
206 989 236
46 906 935
285 466 70
200 342 82
310 783 508
811 886 821
663 777 203
133 782 871
48 282 697
103 764 206
479 984 987
3 962 867
733 758 186
47 644 359
129 616 481
96 741 184
372 786 251
385 823 743
243 743 170
246 730 881
271 295 928
528 812 338
128 374 108
511 883 591
299 631 672
249 320 122
622 771 634
74 317 8
88 113 690
87 893 183
778 890 596
365 524 595
494 976 778
482 808 400
265 790 415
451 715 609
183 768 208
24 951 32
331 533 604
244 786 184
281 835 22
54 535 662
550 680 601
697 868 506
662 982 605
19 848 337
5 877 65
529 867 484
296 730 297
143 292 851
45 961 686
107 264 945
82 955 448
331 960 173
49 151 951
180 975 177
457 954 545
250 867 42
567 814 121
56 580 983
59 843 863
785 837 928
172 889 342
376 548 743
184 897 42
234 462 806
107 852 412
129 938 223
459 495 594
119 409 661
601 650 648
530 758 491
145 572 342
610 690 384
262 793 953
215 469 859
229 858 563
583 639 546
851 896 61
263 790 764
838 986 771
89 233 750
604 728 301
18 215 375
504 688 835
35 872 738
705 928 585
688 690 694
325 991 974
416 853 765
230 596 221
268 369 963
311 397 883
720 787 240
247 607 623
486 701 973
568 710 124
71 269 972
114 816 55
232 903 542
670 915 816
72 592 479
623 913 579
812 981 212
743 835 413
210 981 372
88 393 806
107 359 73
182 343 273
202 689 752
75 645 68
44 332 504
192 487 403
233 285 883
182 198 803
637 700 813
12 257 128
272 478 102
257 430 314
271 645 674
654 914 563
768 973 769
823 873 115
258 931 915
51 852 520
677 904 316
163 610 837
424 494 88
125 972 66
133 394 829
502 670 34
359 771 850
164 819 770
76 231 960
367 992 373
423 786 593
255 266 497
262 551 294
359 993 23
53 418 395
221 960 878
38 62 164
848 886 804
190 837 752
583 790 879
195 977 655
695 900 359
299 959 623
443 680 941
213 782 777
14 337 79
688 956 1
49 642 615
427 984 687
50 93 263
737 765 350
365 724 52
277 402 994
204 726 24
139 401 276
439 905 721
208 287 953
508 848 50
892 922 626
162 581 896
624 972 404
418 699 98
42 724 245
455 884 693
150 226 151
174 228 166
426 858 878
270 999 358
326 995 72
554 654 500
115 844 711
457 993 62
131 608 129
10 371 440
400 527 43
82 417 235
319 348 27
396 987 120
298 729 125
320 945 805
284 532 572
569 706 494
141 873 675
54 138 555
38 527 309
354 720 963
350 668 847
815 818 35
526 643 141
402 845 527
591 759 879
39 822 219
69 862 305
584 718 41
548 873 185
88 888 717
215 545 316
109 222 275
28 68 859
291 650 148
143 693 193
381 906 25
260 887 861
812 836 735
192 837 642
459 721 876
66 981 539
753 821 895
72 537 745
541 870 557
61 351 200
401 442 245
13 476 271
128 650 563
805 832 385
112 409 146
6 687 164
351 650 599
177 211 108
384 467 903
370 708 536
707 735 342
461 544 315
107 303 419
590 648 849
323 855 263
215 349 366
434 548 708
3 267 737
488 805 745
99 328 836
36 455 508
162 497 226
81 170 24
379 461 562
357 414 71
506 952 304
487 783 12
110 318 471
60 983 527
646 938 74
171 470 616
194 877 877
621 739 751
158 654 664
129 417 946
424 905 3
422 436 404
94 524 464
630 706 324
385 822 778
191 354 104
243 742 312
851 999 580
467 666 869
160 242 984
293 314 49
700 995 413
189 377 954
118 257 421
381 829 335
114 728 123
522 691 541
8 132 20
173 566 554
666 792 515
416 697 808
952 987 846
19 516 276
188 405 148
766 990 936
628 923 223
58 488 885
322 734 87
204 772 734
631 641 864
121 200 914
127 998 124
398 650 547
628 697 687
296 844 391
413 651 499
140 965 723
378 584 408
107 378 75
221 238 699
520 635 165
672 918 81
783 898 948
3 468 226
119 852 702
67 681 718
374 854 753
721 821 16
168 691 912
79 391 73
427 942 160
345 553 406
772 810 430
538 660 428
388 531 539
633 639 239
466 603 213
509 727 931
82 651 874
410 946 198
675 894 200
290 719 570
262 681 567
696 977 81
317 343 349
66 89 197
88 641 277
269 468 654
850 965 519
222 332 20
95 966 285
406 535 657
412 508 967
14 88 24
329 522 918
23 282 293
5 379 685
490 543 511
446 534 890
53 656 353
312 534 554
390 805 742
404 641 202
636 686 412
89 725 604
145 283 472
558 849 715
54 752 854
24 515 133
61 504 316
322 964 162
205 717 466
280 732 996
79 895 908
215 404 624
162 256 834
76 894 853
497 663 616
3 560 906
41 645 966
413 945 300
171 739 830
279 756 294
565 575 474
124 304 390
668 687 448
480 624 144
462 640 841
600 801 923
360 454 279
90 243 119
772 925 718
794 897 231
47 643 978
200 510 295
169 625 894
354 559 292
171 175 204
834 869 54
122 292 534
696 894 201
164 828 612
80 227 461
12 848 463
445 636 740
561 628 337
307 780 857
208 839 836
848 887 127
535 853 169
415 931 487
736 904 573
277 846 696
406 674 412
624 861 950
198 320 777
515 670 110
787 869 950
390 886 960
373 934 296
17 624 264
753 776 683
126 338 698
44 749 592
524 551 974
230 704 362
585 983 736
588 734 267
496 654 482
499 737 644
191 939 351
378 686 190
16 485 766
23 226 486
870 899 963
139 481 55
89 930 109
384 456 204
257 894 530
520 563 295
139 207 154
124 855 200
426 625 927
845 946 233
318 562 687
449 929 442
711 969 281
234 357 516
823 991 173
301 977 433
497 878 26
3 859 683
189 656 842
634 885 454
266 395 62
217 607 753
489 706 375
618 673 473
655 804 680
751 911 997
682 898 592
21 960 339
472 954 756
414 573 141
609 787 196
403 460 897
317 415 612
85 163 208
678 952 372
274 434 602
636 786 242
708 743 852
605 861 298
130 533 221
152 793 333
464 987 561
268 683 393
71 182 805
199 893 638
39 980 935
26 469 143
398 909 704
115 751 771
631 783 231
528 654 164
19 713 869
541 724 621
11 617 544
250 393 140
59 357 949
222 979 402
279 376 873
317 549 241
253 270 457
585 813 163
236 571 287
664 668 552
438 795 119
455 465 52
387 715 90
447 603 77
144 308 666
331 806 129
480 508 836
430 990 973
220 502 66
319 482 633
323 999 799
430 585 377
270 738 624
823 946 623
24 392 630
150 600 745
611 643 237
121 728 691
358 735 15
772 823 410
223 727 938
298 698 404
157 229 266
534 685 439
115 359 144
310 956 974
62 315 64
682 870 644
167 242 142
439 919 34
647 676 296
639 898 315
285 867 67
161 445 330
151 606 146
526 958 650
803 843 335
18 241 818
610 631 890
186 843 325
86 224 565
514 881 451
127 476 235
460 597 964
476 708 700
207 596 121
60 378 413
188 295 799
545 994 242
164 264 521
717 740 55
442 694 228
136 297 664
50 403 870
602 612 177
9 542 717
95 417 663
412 605 685
36 977 803
115 632 892
62 645 87
545 701 347
784 915 18
801 811 21
239 539 709
267 380 809
875 995 521
288 817 157
360 481 144
458 777 656
253 828 838
150 282 838
376 577 596
693 740 242
180 969 721
418 962 683
171 646 788
577 927 532
82 471 787
31 402 189
24 902 241
850 976 334
140 522 711
380 903 806
132 650 414
336 485 243
85 694 763
251 658 192
397 858 161
225 775 124
155 936 725
462 724 15
272 944 808
405 544 32
148 714 552
75 922 805
513 883 693
423 872 284
794 844 638
88 531 243
158 495 741
108 686 294
441 554 412
691 710 586
428 992 652
13 974 948
485 785 426
221 619 966
248 347 670
4 694 533
255 284 424
403 595 900
170 714 940
265 598 822
585 681 465
674 746 60
130 332 691
278 316 229
220 990 717
257 631 531
274 559 931
518 842 512
173 315 872
835 978 360
58 525 742
184 832 648
44 552 128
537 729 272
6 652 28
568 917 759
201 236 692
475 477 179
93 902 352
3 418 161
272 321 11
671 896 610
249 617 642
12 259 804
201 462 438
620 802 72
353 539 65
376 868 415
270 730 922
350 932 911
7 137 544
253 403 438
115 430 646
25 986 579
673 838 446
489 630 884
583 718 833
941 958 84
247 475 98
75 330 599
212 545 562
902 954 493
360 899 180
640 757 389
256 718 11
938 998 774
96 909 22
61 885 812
104 392 196
346 589 11
41 505 671
369 804 376
207 524 470
8 206 461
118 249 469
45 562 62
9 740 756
787 981 894
473 608 462
365 722 443
222 869 914
196 576 448
88 329 393
554 618 996
482 577 817
28 597 49
693 905 492
185 674 59
278 917 554
112 605 760
40 266 242
426 751 336
542 561 814
140 797 284
607 641 102
223 988 660
237 688 382
664 974 555
202 949 83
3 700 331
78 96 769
273 927 250
90 541 956
306 855 156
492 770 544
635 722 962
764 950 358
110 288 476
487 890 773
76 295 867
665 710 127
119 323 450
319 909 212
307 589 136
458 739 118
424 943 53
591 753 801
461 492 790
798 821 509
341 822 33
256 396 320
192 522 670
579 823 951
311 672 473
347 747 945
683 789 319
78 873 824
588 910 635
22 556 938
351 816 21
8 234 626
134 862 127
66 928 449
717 759 683
472 503 963
71 177 886
93 409 488
350 504 661
9 512 772
670 719 377
210 286 949
736 755 775
438 591 952
666 738 556
135 652 512
504 823 544
338 536 17
641 928 596
515 923 813
112 268 104
636 727 679
361 739 317
455 965 895
118 641 726
16 81 812
884 888 760
650 912 332
598 782 920
533 965 868
617 748 386
693 761 967
620 993 752
345 817 470
24 393 990
444 894 661
48 63 119
785 862 742
183 387 856
427 981 741
121 840 588
363 979 388
78 393 346
85 499 119
842 970 774
233 752 610
56 86 814
169 985 583
133 190 707
47 920 961
126 931 50
234 941 163
553 611 854
225 849 642
212 712 733
605 783 601
201 601 738
385 587 357
305 854 485
416 844 660
405 632 588
151 172 815
74 395 493
840 862 26
575 618 578
266 712 743
230 649 114
641 908 743
314 732 432
595 648 708
303 533 972
22 487 423
577 636 685
546 741 212
750 893 316
73 397 650
55 101 308
278 716 418
249 588 196
12 280 941
380 674 160
646 731 378
104 676 384
491 648 305
168 693 631
206 909 807
63 780 34
160 741 906
202 622 880
552 603 574
293 823 1
404 496 900
298 671 505
358 587 682
768 915 61
721 981 682
704 805 558
53 56 839
789 884 220
434 920 198
316 734 867
388 819 991
155 600 669
329 758 462
284 380 240
215 788 469
643 831 606
60 731 151
303 433 882
696 979 420
34 710 21
632 677 278
69 788 349
42 220 758
51 166 39
403 730 260
169 215 640
406 631 666
326 431 218
330 930 828
622 653 25
130 333 780
205 792 378
45 751 921
520 827 410
723 788 1
135 898 339
304 390 864
658 985 430
720 909 726
202 700 151
25 413 790
139 165 402
206 207 237
137 964 295
291 335 955
171 741 906
67 324 382
284 924 237
195 235 979
488 895 203
470 947 463
401 856 137
399 509 576
275 620 856
426 445 617
906 995 832
64 962 55
505 816 550
183 459 185
335 700 218
431 957 346
177 566 268
472 642 70
592 659 756
149 440 12
301 653 13
90 968 5
462 928 183
51 917 767
513 862 969
329 889 708
75 333 610
522 900 417
651 744 974
265 437 124
468 660 829
195 692 42
747 899 584
381 641 49
511 726 688
536 792 176
481 519 159
327 663 314
674 954 96
114 655 200
429 752 219
212 256 739
468 874 467
127 407 461
38 396 235
244 657 380
669 742 879
47 182 599
433 582 593
326 395 347
628 831 845
809 995 16
661 898 793
459 822 207
23 425 718
389 591 792
305 652 404
692 808 989
452 565 759
787 980 136
386 967 496
482 892 176
201 988 469
623 833 481
662 691 837
443 907 830
76 442 181
191 981 451
115 563 479
61 425 882
727 776 296
233 476 351
274 818 284
404 901 957
546 698 523
219 910 295
236 608 683
202 720 19
101 430 677
290 479 949
380 635 325
16 788 149
71 822 73
517 524 326
102 968 793
270 772 282
327 813 652
36 430 592
452 501 215
551 939 742
512 643 210
90 947 926
572 607 25
629 922 739
300 378 89
565 642 830
34 74 438
129 870 526
439 577 144
138 252 948
405 578 114
180 454 112
163 656 77
369 443 250
280 404 485
299 464 75
53 225 783
284 475 441
450 975 920
549 577 229
90 358 462
192 698 212
69 748 48
192 809 500
446 754 523
97 620 205
558 723 471
356 731 629
86 420 595
235 794 226
321 789 869
325 805 701
18 847 561
118 996 869
818 998 208
175 359 712
342 764 21
230 381 525
1 433 723
348 1000 654
219 566 337
615 874 785
27 709 611
805 990 190
263 698 649
211 401 288
783 939 653
448 899 802
286 364 232
957 981 612
10 274 404
413 887 10
56 684 10
759 818 432
305 423 340
87 102 877
181 237 584
434 647 137
258 870 110
703 808 157
65 588 557
63 201 126
730 854 826
158 215 389
517 916 503
419 649 265
704 841 758
247 493 831
786 951 671
200 568 432
510 853 610
132 325 494
929 965 426
751 786 736
316 537 846
498 916 931
9 103 810
262 595 936
302 520 8
21 889 158
687 856 222
47 249 750
322 392 547
382 744 539
95 141 514
26 388 669
248 524 725
178 203 727
360 762 950
89 476 316
40 248 121
593 924 787
823 827 820
17 216 168
370 408 310
331 440 547
321 610 74
239 692 267
395 820 896
503 783 91
276 306 102
148 612 23
165 642 924
495 911 793
101 516 353
317 583 439
23 583 329
520 638 160
280 707 223
724 774 369
176 820 607
231 790 401
382 390 538
292 874 729
168 408 388
611 652 270
245 662 209
512 557 690
664 920 412
646 728 987
180 634 922
43 450 968
850 974 905
188 681 223
120 335 411
396 926 355
521 531 965
162 450 461
612 699 580
217 661 951
225 886 902
484 901 539
56 132 771
552 777 371
256 454 251
739 905 421
225 999 907
160 162 455
548 861 148
293 330 846
657 780 342
26 855 151
484 763 619
209 883 818
570 612 955
350 772 390
8 69 963
282 620 793
601 842 491
181 566 2
517 642 32
717 932 385
79 639 415
485 864 247
14 462 267
680 742 781
80 582 764
127 208 856
37 56 842
147 600 886
170 603 528
779 891 324
265 933 656
527 901 368
26 186 355
546 949 104
261 303 83
402 577 54
97 231 551
650 887 71
499 695 668
407 911 211
344 904 405
173 219 252
379 842 375
330 502 428
331 787 452
116 475 527
373 436 892
24 814 874
278 745 622
586 918 742
1 52 577
25 190 130
871 891 914
529 766 265
767 954 18
21 426 211
871 968 748
379 502 188
620 712 102
289 994 351
436 887 536
224 665 674
155 793 503
547 895 674
342 361 922
604 884 456
293 955 953
441 904 157
156 485 317
255 873 379
219 271 408
310 634 384
539 812 180
578 714 381
264 798 807
423 782 967
29 179 553
52 84 669
234 851 358
475 583 421
367 605 672
323 366 788
320 388 2
191 387 526
216 341 36
514 900 667
57 939 863
235 672 99
182 937 285
333 895 425
821 986 991
44 857 156
286 810 367
704 947 183
507 658 688
204 722 546
266 641 892
28 544 138
183 836 714
131 825 175
214 954 141
58 670 972
187 510 145
261 795 694
392 966 349
101 604 949
836 897 887
560 675 24
832 888 142
482 673 754
196 503 952
783 967 314
128 895 960
598 962 190
715 866 264
440 560 780
564 809 469
802 866 482
859 895 744
189 828 373
100 329 715
217 563 719
345 614 388
401 724 815
505 530 501
189 685 585
264 732 303
531 833 680
466 542 501
254 419 793
539 923 243
149 475 411
243 496 963
86 910 646
582 771 27
516 591 919
251 954 464
217 894 840
215 735 137
114 462 11
126 901 256
308 466 328
57 854 176
277 909 631
186 946 295
406 611 312
464 944 368
268 576 948
22 735 524
566 593 818
255 752 957
113 159 868
921 922 399
114 688 510
557 882 261
341 360 532
624 892 263
439 710 343
511 952 712
188 397 670
22 366 172
504 970 787
66 977 497
240 964 664
792 859 284
295 861 813
784 938 448
596 762 608
273 427 99
420 430 918
296 852 496
478 636 944
101 751 829
32 702 660
880 914 259
275 830 454
227 781 666
266 903 383
345 902 650
590 652 704
159 174 973
50 897 439
81 797 372
444 649 267
103 388 861
380 783 444
572 653 625
23 711 71
194 583 879
711 942 670
166 212 284
422 639 458
336 508 828
890 959 673
298 468 898
11 357 705
290 308 510
115 281 433
6 408 40
266 317 880
786 948 293
15 410 511
255 801 942
424 909 544
243 637 963
268 774 377
161 434 121
312 962 38
220 859 656
522 861 34
46 537 736
13 598 728
35 994 203
292 668 907
624 698 405
511 894 883
8 57 526
14 499 667
92 791 481
277 643 13
351 790 345
623 666 585
169 411 856
745 948 950
99 989 65
567 663 2
145 418 977
24 781 54
151 396 940
670 952 833
22 155 953
64 397 922
832 898 406
136 921 843
598 697 914
527 759 200
73 435 809
242 554 123
370 631 723
49 138 215
654 665 470
180 635 970
811 939 593
392 587 558
253 396 777
699 798 74
559 890 941
16 650 255
704 807 547
212 810 609
375 782 123
730 811 361
18 415 32
630 768 831
583 634 97
20 146 577
674 805 151
267 761 939
147 927 593
739 793 637
367 568 429
189 296 883
13 634 398
251 817 22
632 790 867
601 841 237
252 767 80
903 934 561
589 915 359
43 572 141
49 959 26
218 554 650
196 681 474
114 413 489
209 869 913
360 727 500
269 803 158
179 810 208
580 870 6
248 263 841
801 859 292
2 160 515
136 550 551
466 469 510
448 840 589
412 979 232
220 228 702
309 810 716
575 878 818
457 895 588
25 99 782
559 730 221
728 734 741
219 981 255
239 286 548
645 909 11
336 535 919
153 455 668
319 470 885
410 478 311
654 885 503
141 670 125
474 653 93
96 247 649
349 731 846
76 600 659
58 63 224
167 883 714
780 906 987
160 515 625
175 944 622
272 753 617
76 431 592
96 469 388
63 179 865
764 883 893
290 380 473
842 945 166
578 715 438
34 889 449
53 139 70
83 840 590
462 977 791
502 770 129
218 381 659
282 734 527
686 992 938
605 964 357
218 492 584
259 290 347
464 653 565
389 939 335
327 989 132
194 277 255
30 919 480
549 653 549
143 348 772
424 498 675
191 608 814
89 490 558
36 317 720
201 736 343
75 139 534
717 728 358
421 491 213
259 448 220
84 171 973
382 944 757
792 832 720
136 740 193
152 325 93
143 995 965
227 562 925
141 254 647
658 936 293
644 747 423
684 936 503
254 424 333
491 790 705
899 921 391
270 1000 591
72 815 782
73 506 991
36 202 809
84 484 521
296 663 726
282 342 292
671 976 958
84 734 777
125 310 424
491 564 130
607 642 147
611 711 252
188 524 863
376 788 52
103 355 918
21 92 204
119 574 351
290 446 366
203 579 419
828 930 23
389 442 236
393 959 190
180 337 358
452 478 222
178 791 481
371 678 12
708 815 429
2 140 413
158 264 502
290 640 166
172 604 313
747 976 612
161 405 36
34 669 582
181 986 497
786 883 42
187 770 758
204 220 860
198 390 568
713 930 679
498 592 609
826 976 835
313 669 969
78 927 430
53 675 358
235 941 418
311 496 378
204 608 733
515 924 592
403 874 150
240 947 359
102 430 82
163 310 16
282 392 50
378 561 475
54 140 99
127 862 137
404 923 97
6 563 613
124 944 928
17 191 409
421 852 568
297 734 674
448 606 724
379 738 745
658 705 332
418 954 410
715 944 121
166 1000 528
374 847 440
31 442 486
141 678 568
254 817 229
440 717 50
383 919 926
298 535 195
279 824 509
525 913 207
152 415 716
301 578 747
864 914 355
629 670 45
252 391 55
203 845 91
574 684 46
189 402 478
81 361 282
181 830 896
26 238 488
32 450 7
87 420 975
774 867 782
567 670 48
186 855 76
104 436 18
359 548 532
660 691 971
330 826 693
614 986 235
726 948 999
89 433 968
290 872 69
535 662 492
212 425 74
675 819 768
735 959 884
80 747 51
419 895 778
17 222 662
58 898 969
784 888 411
173 356 221
84 961 469
545 689 995
13 507 704
589 860 550
81 717 835
297 536 69
232 847 118
340 666 637
771 800 449
101 403 733
419 504 877
354 947 960
371 979 342
228 840 581
564 738 972
509 865 671
700 788 353
21 261 940
8 956 823
850 863 930
816 979 480
217 618 840
59 559 887
9 342 340
561 865 182
30 508 662
177 920 232
132 404 689
6 389 935
34 850 732
20 289 527
88 535 481
534 798 401
248 989 492
389 805 392
346 706 823
437 553 794
576 747 973
441 558 943
229 695 130
549 744 189
109 161 948
19 329 530
493 770 221
26 486 876
451 911 48
486 695 72
88 194 830
36 866 390
365 746 766
302 603 446
339 947 368
145 286 989
597 816 675
309 952 738
366 715 766
304 913 641
277 346 276
297 628 223
80 900 995
62 820 524
568 921 698
658 758 274
441 466 724
59 911 608
750 911 865
42 950 974
719 912 605
559 571 181
723 778 238
175 962 467
343 444 601
453 556 251
312 464 327
635 714 414
449 585 570
638 979 963
937 972 97
65 665 467
30 73 844
432 1000 46
414 808 82
452 507 548
12 835 956
694 867 263
534 984 260
6 353 789
360 700 271
513 851 232
761 867 964
208 941 932
584 728 968
807 998 251
21 989 778
502 946 31
886 980 530
891 974 558
583 780 346
53 477 448
91 646 49
352 902 629
133 405 649
209 823 100
49 986 891
69 535 188
311 638 208
978 985 114
135 684 681
286 808 658
109 981 113
235 960 132
198 212 312
582 636 571
460 727 309
131 938 449
478 503 813
351 527 767
73 159 763
117 506 257
261 904 788
20 125 378
407 670 502
12 110 317
202 332 787
194 991 683
46 437 64
334 496 914
231 856 639
239 317 647
41 740 57
150 454 749
776 785 949
988 996 58
862 981 247
782 855 427
379 551 862
167 790 472
190 461 451
309 449 403
82 701 747
120 504 956
638 862 21
119 351 847
428 608 566
160 782 100
260 581 4
66 382 892
114 460 436
27 463 300
85 317 96
420 566 683
204 221 309
632 736 549
476 765 980
227 405 500
209 642 880
257 969 128
904 985 740
256 972 768
403 911 850
304 660 900
334 528 482
182 580 636
473 576 931
221 482 603
168 242 314
296 967 898
101 749 511
637 939 23
106 181 248
322 918 720
14 960 580
110 789 265
145 631 50
438 796 929
421 962 963
317 657 755
728 744 945
805 940 240
771 852 858
611 661 17
512 580 442
231 892 686
306 533 400
292 960 900
375 657 295
449 896 888
275 764 217
479 612 736
480 590 316
234 469 324
147 310 282
699 869 125
314 461 619
6 15 583
355 699 150
431 630 86
109 376 640
136 846 521
241 256 535
367 832 330
6 414 607
635 976 642
543 717 774
67 156 475
255 803 618
51 467 196
472 923 318
476 931 919
293 339 913
207 829 815
562 796 646
144 653 527
5 496 438
640 689 248
72 172 526
78 841 114
726 949 33
490 549 978
274 290 511
114 549 590
373 1000 149
486 569 764
147 286 529
499 958 776
304 688 445
162 818 473
515 874 230
226 333 540
944 992 771
597 938 1000
128 765 325
102 331 837
395 809 935
69 146 627
805 878 291
24 557 403
12 54 781
400 784 556
241 902 308
706 788 10
89 782 144
533 997 541
336 557 191
159 199 415
216 994 152
379 638 253
422 526 121
449 620 379
270 626 172
457 669 701
86 746 597
4 585 109
668 752 337
81 426 708
63 238 180
51 750 417
609 636 407
26 944 593
7 983 913
52 204 667
272 964 524
360 797 724
68 598 380
420 767 735
284 967 142
960 988 317
218 520 566
804 837 56
159 974 767
293 425 917
518 658 956
23 272 178
151 863 912
446 535 316
450 724 462
277 677 851
888 908 709
76 609 378
51 72 232
52 695 606
256 948 992
649 931 632
230 734 152
150 716 44
455 619 342
5 936 170
446 890 6
31 936 650
325 841 723
145 285 850
684 966 746
351 699 160
136 552 725
693 944 366
425 590 672
136 951 81
182 302 20
112 566 55
370 518 723
222 575 850
136 774 833
853 903 225
603 988 59
654 712 67
197 867 35
77 397 265
928 973 794
279 754 306
603 762 479
231 533 78
15 536 78
224 813 903
444 802 42
211 537 494
30 63 103
401 749 123
59 733 753
99 536 526
194 828 371
345 440 773
150 871 19
287 360 67
234 700 761
630 866 313
189 616 355
794 826 640
88 581 708
311 949 329
111 391 557
446 504 57
639 833 314
53 314 59
536 796 128
99 468 930
69 756 691
256 707 988
313 534 286
342 522 462
120 530 71
302 356 13
18 871 998
203 289 793
286 696 533
36 903 537
455 591 668
218 855 495
187 277 542
575 942 472
64 88 292
715 731 823
754 831 17
21 563 97
727 772 17
185 677 251
656 793 190
215 449 112
508 589 264
340 578 163
71 818 677
131 617 613
461 978 266
449 778 670
211 727 863
345 841 443
436 560 358
366 945 588
159 300 419
828 973 854
64 802 871
441 705 302
621 982 5
574 596 883
99 564 248
501 872 577
375 835 433
46 993 886
195 489 523
293 604 239
475 873 696
224 535 396
9 365 925
46 848 616
471 733 492
350 534 440
351 379 705
461 487 339
414 551 797
109 437 266
38 883 995
739 962 870
377 517 10
195 660 426
363 566 520
327 403 136
476 847 132
639 714 680
28 67 490
126 874 793
416 805 881
695 993 656
118 222 9
731 949 569
221 735 925
523 897 520
675 998 79
217 424 272
515 881 823
350 396 31
406 418 857
37 334 132
606 961 676
395 780 28
805 841 307
109 684 742
44 493 911
616 768 812
267 342 555
474 958 258
317 656 239
508 593 450
37 561 149
454 850 369
586 858 107
606 665 343
557 852 49
46 688 785
55 290 170
132 781 742
43 474 664
409 724 465
55 815 452
206 805 734
445 691 126
210 472 635
263 358 54
266 454 107
17 852 102
915 975 614
526 759 622
301 576 748
492 513 831
190 200 713
48 737 667
46 876 107
401 471 208
574 850 553
100 221 810
686 828 222
584 642 981
747 958 951
790 922 924
21 931 990
722 752 9
445 887 323
587 690 831
523 638 401
339 605 422
86 250 334
18 122 884
237 390 601
610 992 20
22 594 831
152 972 462
139 786 601
268 758 239
218 597 416
274 291 574
256 826 514
26 384 783
321 836 709
593 912 357
334 962 628
165 940 54
27 903 944
268 427 41
594 609 25
532 939 854
407 705 465
219 605 868
236 533 362
427 616 664
72 684 570
31 122 777
107 256 740
73 432 353
22 363 310
138 380 969
529 901 28
185 959 755
37 678 692
98 948 335
48 65 604
102 916 307
521 646 695
595 885 874
577 770 857
530 972 297
492 839 398
115 472 313
416 451 631
125 847 36
825 873 145
424 846 634
132 519 3
573 935 508
132 515 71
781 942 959
67 234 289
158 196 446
150 971 374
789 835 636
199 366 622
200 600 628
5 49 457
52 124 957
255 599 933
185 341 200
169 824 976
498 948 660
228 285 212
640 751 218
553 578 278
648 810 776
49 803 833
69 672 629
89 98 863
161 701 819
200 901 353
312 831 800
886 889 471
624 808 1000
78 981 629
389 598 908
412 665 486
102 545 583
515 824 715
939 942 613
79 665 545
779 895 890
265 937 856
342 713 61
18 659 485
2 268 740
70 609 159
520 800 629
426 979 39
488 680 147
868 873 694
168 346 342
288 851 861
185 761 269
250 508 701
645 889 661
154 772 96
49 90 342
89 873 696
291 485 260
42 805 539
205 343 713
49 171 957
758 891 842
349 728 1000
564 849 236
430 651 43
659 703 813
163 780 571
292 616 583
725 834 656
582 633 788
146 553 336
664 765 750
332 828 559
724 730 150
599 990 791
155 649 753
530 835 604
217 580 123
749 924 127
21 648 514
100 439 841
462 570 93
604 999 915
199 445 35
219 259 552
247 465 965
694 784 248
94 572 28
350 970 242
167 176 826
498 841 995
199 227 761
55 863 537
665 959 432
8 406 539
652 935 802
462 839 535
352 809 716
190 845 180
412 479 211
145 188 205
18 66 921
334 792 431
321 915 523
87 844 794
87 592 815
256 994 337
36 296 784
571 684 662
183 723 716
122 323 660
288 657 489
438 903 125
175 428 237
288 768 314
185 676 717
577 654 473
227 789 528
413 588 934
55 59 142
427 816 70
102 114 102
71 813 596
720 765 932
112 674 803
702 957 442
67 358 103
414 473 683
202 959 384
578 870 36
387 771 192
483 758 254
154 570 967
305 446 107
90 956 253
272 577 41
646 823 575
149 261 697
210 501 404
86 520 29
521 559 112
59 760 372
335 671 391
410 834 175
270 474 174
107 788 27
492 542 395
59 813 401
207 938 726
171 889 535
468 582 215
56 64 219
132 253 318
705 838 997
632 738 162
579 829 990
84 389 974
717 919 460
744 779 953
748 819 337
848 985 751
419 979 230
55 345 1
395 720 905
144 976 446
87 848 12
904 938 758
585 619 148
13 242 669
107 219 360
633 887 258
26 335 1000
615 643 619
286 661 946
692 952 469
344 806 443
342 753 368
164 241 124
19 718 932
176 559 251
47 292 296
308 816 615
357 625 713
322 916 765
242 950 152
741 987 15
36 233 629
129 409 362
409 643 164
889 906 32
512 757 39
586 938 707
261 430 521
391 799 678
730 844 374
885 886 142
263 502 24
301 703 766
177 625 318
95 679 437
924 951 988
432 513 174
761 936 910
152 640 74
9 25 768
686 829 710
169 564 587
407 457 849
266 361 955
381 836 685
420 596 908
122 852 319
415 979 643
827 864 763
19 302 414
403 719 935
499 866 718
282 900 718
579 934 1
52 814 820
92 787 700
511 971 879
503 803 82
192 194 350
290 684 324
412 549 550
107 199 281
930 934 923
680 813 98
438 557 203
23 93 707
191 923 472
658 860 226
41 870 879
206 424 36
482 912 856
301 428 980
288 729 135
254 404 419
218 918 525
628 641 21
974 988 895
1 178 406
394 606 693
25 52 430
1 35 542
223 786 566
8 833 388
315 335 21
392 736 345
46 717 848
71 906 422
590 910 241
37 822 452
426 451 493
180 758 748
315 557 276
552 976 328
385 479 927
573 934 681
150 857 526
506 599 627
15 341 301
630 772 311
299 398 613
150 190 13
233 646 564
967 983 758
199 361 656
128 278 701
424 621 603
172 551 80
912 962 898
165 557 839
548 858 569
451 788 47
200 823 334
152 954 655
144 745 116
104 403 451
30 959 747
437 935 662
442 883 681
288 947 911
334 829 808
795 829 510
133 446 741
190 801 541
268 667 893
117 292 900
100 566 902
260 966 167
9 578 494
283 367 125
217 487 808
308 970 814
594 691 874
153 911 404
727 909 837
196 619 493
69 227 264
473 702 684
25 325 831
351 677 524
870 927 287
89 590 369
97 107 73
593 760 941
41 636 149
775 825 879
430 942 373
836 840 385
133 538 740
353 540 511
334 831 253
329 471 881
287 769 920
492 789 845
37 810 600
646 840 196
681 912 791
479 958 249
210 417 576
600 809 299
233 832 50
34 915 484
474 638 785
314 387 483
138 853 154
68 662 794
222 399 482
256 264 292
367 890 793
267 648 383
27 111 61
319 884 204
185 368 756
591 824 83
291 623 70
871 952 810
907 969 857
123 460 17
18 48 274
442 932 887
356 606 687
412 472 136
360 537 268
10 182 634
23 310 545
78 903 611
264 351 883
143 713 574
954 964 650
715 789 829
464 902 708
286 815 475
514 594 75
5 633 117
156 763 447
14 713 984
165 867 106
205 822 513
32 849 280
4 423 89
151 432 110
2 128 754
844 959 594
649 703 163
616 806 805
191 769 927
233 454 155
269 662 277
62 983 188
67 587 889
824 974 668
732 815 690
235 257 134
127 823 509
239 457 679
21 134 671
900 927 270
81 923 375
188 921 871
63 543 226
214 665 994
197 837 81
44 184 140
444 738 323
654 853 897
642 869 115
99 856 120
854 984 342
306 558 943
923 997 728
380 966 453
915 949 196
154 733 472
260 619 670
204 363 690
69 282 244
445 603 132
691 843 124
167 198 851
406 794 594
82 986 570
582 919 497
398 430 111
111 421 86
60 665 991
276 590 423
243 533 390
222 381 377
77 678 982
484 972 212
247 672 779
342 842 5
191 563 52
518 600 432
338 648 42
325 926 628
161 981 359
87 960 88
370 904 476
5 605 190
407 985 385
301 310 72
197 485 700
658 889 43
307 349 920
145 330 240
593 852 181
88 300 696
684 904 143
706 924 306
343 573 79
418 724 936
438 787 465
211 407 895
145 517 923
853 957 881
36 377 426
612 984 730
353 747 213
366 851 357
93 745 697
34 249 224
56 545 236
605 922 710
682 701 977
77 181 39
617 896 949
300 340 236
113 737 797
259 789 365
371 793 72
445 546 709
139 367 128
67 240 32
271 922 603
3 972 81
704 847 373
924 944 593
421 922 626
283 543 143
130 828 539
259 576 870
21 929 268
47 929 333
161 294 285
739 881 915
377 712 731
415 978 717
571 920 782
333 945 459
86 363 643
421 478 530
34 583 383
98 189 305
649 827 26
778 913 36
89 294 666
382 637 340
614 824 523
135 753 889
264 486 764
507 736 426
494 581 178
62 546 282
232 917 197
390 592 218
139 464 918
64 305 102
491 978 249
365 949 141
175 724 342
295 563 427
211 288 745
802 965 689
423 557 144
133 549 293
216 997 708
814 856 297
287 812 141
328 979 775
37 821 652
261 385 240
577 768 994
359 691 183
457 642 48
42 752 432
264 522 75
197 704 360
254 563 556
402 744 860
59 547 81
315 925 828
284 708 44
391 544 376
334 798 167
609 625 47
557 901 670
730 935 476
68 706 192
209 799 312
553 934 247
290 567 622
42 52 69
333 627 718
191 405 771
86 149 998
87 858 79
41 372 954
295 312 587
874 908 246
66 193 855
126 849 974
570 721 521
238 579 974
204 887 628
136 495 899
605 669 285
108 475 475
239 899 44
421 498 49
190 689 923
49 515 142
518 947 786
135 725 755
63 843 86
343 790 48
745 804 292
230 684 452
308 559 85
680 921 726
32 879 563
390 572 676
796 983 66
413 757 995
115 973 811
1 364 649
679 955 171
215 431 309
440 939 553
242 587 775
6 910 306
125 414 471
189 929 417
387 809 405
119 672 27
96 490 848
371 800 109
410 876 640
384 847 383
223 420 131
738 904 805
595 625 479
642 706 196
94 659 682
539 802 534
223 309 196
462 939 704
302 439 326
351 401 467
522 911 796
246 745 361
14 227 338
229 582 106
639 723 705
18 49 311
352 811 139
60 468 452
254 301 924
321 992 971
412 473 233
493 738 668
386 700 779
723 765 248
122 252 338
451 990 427
58 868 100
335 368 730
280 530 113
166 426 346
347 426 545
644 833 854
204 712 798
61 305 824
301 502 674
43 50 676
502 910 990
316 353 444
550 750 629
31 175 168
1 328 710
672 983 251
75 731 942
568 808 979
202 554 974
512 775 316
123 784 454
823 982 275
502 768 304
542 874 879
38 517 456
574 603 580
627 758 18
816 927 402
358 522 113
306 945 131
842 847 962
59 619 737
526 649 59
263 541 714
267 550 900
609 953 408
207 948 930
885 988 486
160 881 264
113 951 269
630 764 193
761 771 579
557 586 393
303 374 360
40 162 433
522 787 907
757 759 960
669 929 488
325 635 244
113 145 80
114 682 505
467 486 67
291 692 807
403 546 600
766 857 167
89 457 861
627 841 487
460 608 457
335 340 178
131 532 593
503 514 155
92 559 30
386 930 398
504 831 429
50 119 32
268 386 822
343 990 146
95 453 677
631 695 734
72 914 729
309 843 322
2 101 107
205 938 344
26 111 538
232 856 744
70 284 963
112 482 922
404 928 847
222 619 612
227 819 705
836 995 711
92 403 486
76 808 492
491 535 680
157 474 779
197 969 757
353 603 257
409 729 764
132 827 14
129 810 967
29 142 607
281 407 950
500 525 69
673 917 269
307 659 570
270 517 603
401 682 146
38 545 14
419 545 805
760 889 996
472 577 740
143 223 436
424 627 444
501 619 59
177 849 369
739 995 829
467 676 376
415 844 632
130 940 620
96 990 442
406 513 595
249 476 702
104 441 395
687 865 486
143 659 296
830 891 417
688 784 272
286 981 941
624 926 295
291 545 353
442 703 595
204 562 755
351 941 542
101 986 955
541 621 756
464 847 943
446 564 589
106 608 421
382 973 48
41 219 29
641 900 387
434 954 513
6 758 544
168 845 944
465 528 203
301 564 908
370 655 844
261 972 522
31 214 281
457 683 906
102 169 802
68 361 576
162 754 773
431 928 374
239 256 436
213 989 335
315 464 749
68 248 166
659 823 998
72 251 486
2 794 746
150 386 946
154 961 826
12 487 184
430 626 146
148 167 236
132 748 41
24 493 877
120 342 364
251 572 137
124 294 20
57 363 565
521 612 741
43 328 723
850 856 9
445 724 928
29 789 507
251 685 911
324 695 317
449 642 908
198 775 713
639 984 806
216 546 652
747 927 636
21 964 746
7 753 124
47 821 285
342 883 722
268 661 815
277 673 266
403 602 629
527 630 446
861 931 452
75 882 865
26 274 93
248 414 383
429 823 861
416 590 85
718 839 233
792 921 629
151 430 830
597 842 952
156 512 361
73 230 95
53 952 780
37 259 420
746 767 384
162 564 796
130 879 713
330 366 944
124 902 479
35 143 350
115 893 369
991 996 78
266 857 113
603 976 282
430 940 781
70 503 990
111 745 140
422 844 494
496 856 924
124 612 620
309 726 444
578 769 100
500 679 333
712 967 327
890 910 270
267 863 867
185 186 746
214 319 861
876 1000 228
381 454 138
6 459 769
502 634 555
29 106 617
690 868 918
876 940 684
271 989 198
401 412 845
514 991 519
13 519 50
700 967 415
385 884 785
338 896 499
346 675 4
130 916 347
450 645 543
196 772 926
200 826 726
255 315 894
130 694 962
166 344 629
443 677 304
302 360 832
126 556 472
53 762 574
112 138 823
274 761 13
238 702 578
406 410 607
100 699 77
416 618 597
735 771 306
407 804 999
727 915 774
296 414 615
308 863 676
202 486 920
496 535 92
304 346 972
361 671 751
126 153 657
970 995 220
137 782 253
83 198 698
283 536 919
710 993 634
380 540 326
797 995 910
329 567 323
380 627 162
261 517 525
400 747 682
278 652 426
729 794 90
715 795 974
232 395 645
487 911 446
552 652 653
366 804 584
314 323 978
780 932 167
159 441 232
328 891 76
128 179 181
7 885 543
253 319 226
20 128 681
704 869 341
267 601 863
87 184 193
109 288 9
60 804 808
601 632 283
656 791 613
4 803 21
445 879 553
561 654 269
235 615 110
40 599 177
39 283 970
549 730 689
259 260 497
528 843 211
403 549 856
423 670 330
83 569 527
109 994 936
718 925 91
203 651 950
95 294 584
23 453 377
904 941 206
835 887 130
145 447 231
588 869 213
187 708 211
340 430 490
232 970 841
448 775 880
675 712 26
88 302 139
422 652 117
420 469 738
303 632 577
107 395 242
81 628 805
337 386 100
505 692 678
345 911 336
259 680 755
73 408 917
72 192 222
245 555 434
854 907 371
67 468 446
141 817 1000
51 697 329
38 727 428
55 687 131
77 179 58
6 113 30
82 267 453
391 681 355
87 126 449
271 887 477
94 846 361
811 866 3
530 646 172
381 398 558
458 669 305
428 577 830
600 914 451
160 815 87
475 742 391
172 574 744
467 822 235
52 100 675
305 889 631
411 783 324
484 719 140
108 723 756
180 192 620
420 599 450
317 441 802
100 831 50
639 746 836
198 484 875
133 327 443
583 979 697
70 802 829
127 343 38
313 707 423
614 943 192
536 741 404
44 792 840
248 387 3
139 756 62
386 903 628
633 784 524
447 818 49
322 725 770
151 506 453
253 976 786
288 732 780
715 743 526
37 511 657
679 768 896
59 155 853
611 982 226
379 934 599
88 441 676
179 610 13
405 492 450
98 622 434
201 335 694
115 785 202
421 882 26
409 922 283
637 684 805
237 734 978
418 984 488
664 992 45
256 385 506
11 75 717
430 627 200
719 811 650
134 581 607
102 795 201
676 734 841
327 898 169
258 979 700
172 877 171
251 684 180
214 272 372
72 297 224
20 201 905
223 578 813
164 640 974
324 711 34
5 172 155
243 433 106
730 933 486
610 719 386
169 915 722
85 271 579
769 897 272
74 584 700
360 544 440
126 855 742
18 90 563
296 328 138
39 688 468
170 289 443
959 995 934
535 688 641
322 535 859
614 730 889
361 896 816
287 424 210
291 941 588
18 655 217
148 802 763
519 877 260
331 604 193
80 860 815
193 403 99
31 919 514
19 779 216
395 840 142
343 630 896
788 993 673
491 803 266
97 104 790
650 974 100
758 871 994
82 252 538
174 212 730
158 697 119
2 989 411
495 792 822
162 279 904
617 659 284
249 631 322
8 864 895
410 584 421
488 872 62
50 723 983
270 672 71
487 618 583
349 581 926
10 165 496
207 512 636
254 962 191
383 826 163
651 948 570
357 488 883
107 812 370
772 896 461
510 699 595
820 916 502
656 925 635
397 965 999
204 465 842
687 817 433
18 269 806
130 883 952
439 1000 461
359 900 764
425 924 505
420 536 861
627 672 74
259 666 713
613 861 341
583 885 960
576 717 841
683 803 412
198 300 304
308 740 566
221 581 230
947 967 418
201 745 278
60 308 523
83 653 415
209 954 566
140 380 919
527 880 166
416 764 462
239 790 497
60 171 701
869 871 656
359 473 175
142 260 317
26 230 741
248 298 865
145 764 260
183 860 184
420 434 193
637 897 161
322 908 103
568 972 231
58 678 441
115 939 448
166 741 175
461 747 868
598 760 766
326 991 439
641 877 961
824 832 370
396 745 694
180 671 428
93 785 20
223 966 576
854 876 309
121 600 661
1 104 355
257 390 543
332 638 923
133 635 670
116 805 161
409 707 896
104 741 703
211 587 536
132 538 449
77 142 365
487 840 820
243 331 606
9 263 470
428 463 393
36 967 940
280 366 362
137 427 606
548 703 693
808 912 539
615 762 619
66 498 40
621 644 261
142 775 358
610 759 659
310 713 335
96 837 133
5 117 572
354 441 564
308 474 545
700 996 466
167 289 89
122 828 550
493 819 409
97 522 992
385 960 463
249 439 465
468 919 876
17 457 498
602 740 326
251 510 332
776 797 794
420 865 693
409 464 409
305 679 500
342 666 855
18 836 346
123 553 380
317 516 559
495 525 558
316 400 897
118 876 932
321 526 798
269 806 569
54 516 637
473 763 312
124 856 339
13 289 526
54 695 436
72 882 315
469 976 36
239 494 516
332 700 830
853 954 719
197 806 415
399 542 786
201 291 406
82 486 525
672 868 887
318 725 250
391 795 420
819 868 471
538 644 261
479 610 246
335 718 420
301 554 375
285 421 940
592 709 576
459 510 783
655 924 367
363 858 182
616 943 314
276 783 451
11 490 137
270 293 599
656 884 593
786 831 621
553 984 464
125 746 956
94 395 359
169 848 993
316 897 374
127 449 244
683 875 918
333 942 819
167 472 961
579 938 788
195 917 729
208 791 397
661 848 961
813 841 527
47 113 431
106 735 28
100 781 63
360 739 575
588 827 459
627 807 28
64 231 871
191 822 689
322 675 261
415 642 444
455 637 820
331 435 599
418 644 192
184 798 213
206 479 399
567 802 181
89 999 777
54 659 576
52 917 899
157 666 916
374 896 370
148 323 730
387 929 723
392 789 13
379 647 667
181 389 551
239 371 550
115 129 283
318 614 151
466 813 872
6 195 669
409 699 315
175 932 273
402 596 41
457 647 907
923 942 831
342 346 221
328 692 631
94 811 154
534 580 386
132 524 151
9 351 954
281 738 906
391 541 26
730 819 853
215 953 330
401 549 408
829 957 163
63 101 940
377 998 429
290 707 369
77 777 47
243 545 572
262 677 249
360 914 559
648 815 263
433 711 135
164 625 68
181 573 831
403 751 639
294 866 94
514 731 881
52 782 75
445 489 763
252 981 916
170 576 95
210 533 112
688 909 793
818 980 427
452 618 520
344 883 798
87 901 997
10 780 49
47 363 739
141 210 963
222 775 833
723 798 133
61 411 370
28 580 634
14 531 367
970 973 443
115 974 625
190 435 921
413 611 954
197 220 451
309 562 108
295 579 996
25 107 969
44 321 796
119 927 679
28 874 899
58 485 512
477 493 194
146 768 4
521 852 526
63 965 818
487 613 26
281 476 515
216 883 319
819 860 217
34 60 180
146 546 68
147 263 563
102 677 659
363 917 935
91 162 838
789 813 608
206 657 34
73 892 435
294 340 6
21 516 509
43 84 466
189 516 290
682 805 485
63 494 279
330 667 670
350 862 806
170 480 619
557 756 855
105 717 7
605 988 423
237 440 670
463 522 316
319 598 4
558 701 784
160 276 796
624 841 374
142 356 869
245 472 994
619 974 127
602 688 385
438 638 126
644 957 401
442 629 949
169 475 913
460 718 874
28 394 795
17 159 5
558 782 820
173 276 252
254 321 755
844 955 459
831 979 340
491 782 951
275 813 112
258 421 612
331 857 259
280 661 584
27 608 694
197 833 360
269 628 684
771 910 645
612 800 116
56 666 802
845 934 344
93 641 793
99 860 760
559 996 825
194 632 213
780 983 279
86 586 199
620 662 909
569 604 310
772 839 130
383 840 229
298 714 65
313 600 647
617 936 412
599 776 550
285 448 894
768 934 933
396 863 263
275 342 542
261 343 747
65 638 232
204 359 284
635 973 164
384 733 542
501 660 9
686 810 372
191 200 25
730 922 770
488 572 853
441 653 790
557 583 601
472 821 349
173 803 434
584 586 646
125 694 387
235 546 839
32 156 148
398 895 327
117 375 948
134 853 608
528 988 773
213 836 763
195 841 534
490 603 63
416 682 613
38 305 599
593 942 330
528 619 150
122 398 822
218 669 476
628 916 361
149 541 822
447 792 211
139 603 305
913 944 273
1 542 185
554 930 537
10 708 302
283 728 191
219 710 260
353 924 988
61 451 858
879 987 883
112 485 69
24 583 282
900 1000 160
405 470 491
382 400 742
720 847 431
2 898 178
188 953 405
505 555 853
200 910 699
410 542 194
729 884 299
555 556 460
449 921 980
368 855 244
607 908 321
721 853 283
65 681 904
634 810 375
68 820 313
125 165 50
828 862 271
225 759 446
190 355 91
462 708 133
581 626 652
176 428 919
81 353 339
90 465 467
203 210 93
556 726 522
80 167 50
498 906 115
635 823 844
877 910 880
237 495 554
481 581 20
302 597 240
371 938 623
80 453 477
521 706 510
274 285 317
421 474 910
207 457 40
647 860 585
687 979 20
674 730 992
135 749 594
84 235 795
378 776 975
201 817 308
40 113 204
313 931 742
335 474 436
102 499 240
545 728 471
37 364 539
365 655 519
187 339 721
417 979 516
25 209 917
199 520 402
349 443 24
505 741 447
292 781 171
37 246 233
182 244 11
797 937 943
175 833 89
664 994 25
119 728 118
306 643 457
642 809 83
405 829 637
231 639 480
551 988 842
38 753 217
419 625 276
124 400 296
158 403 837
167 932 234
149 425 293
376 673 681
551 770 555
77 951 562
123 217 919
967 978 216
751 971 701
535 782 141
97 164 705
406 966 343
320 515 269
468 635 925
475 629 429
539 632 821
118 463 736
618 911 812
295 834 690
277 972 657
874 904 65
178 899 473
804 979 768
286 574 87
222 456 113
44 984 311
762 837 830
134 642 330
109 810 310
239 911 921
423 672 133
100 563 489
139 645 224
156 893 477
143 609 148
536 707 131
688 910 516
13 53 74
342 707 201
19 668 827
421 720 18
169 271 837
102 415 198
784 860 738
308 838 697
504 964 628
377 927 828
300 837 891
192 326 289
432 469 355
286 496 634
72 828 190
73 453 622
228 679 783
49 92 149
179 753 669
6 898 768
104 636 96
598 956 695
430 546 113
202 901 583
759 863 959
225 492 398
462 499 26
138 493 185
162 503 215
521 676 303
391 866 50
341 595 838
267 848 862
241 487 355
348 413 756
216 421 621
7 786 556
432 674 652
124 436 224
458 864 71
20 239 590
269 763 95
247 318 549
324 549 718
132 368 143
526 544 164
263 586 913
535 786 919
20 461 400
226 742 98
99 332 451
645 864 207
199 217 17
311 773 680
613 859 294
209 525 226
51 286 718
714 738 709
273 1000 16
75 420 741
170 368 300
687 693 796
268 549 40
457 676 859
313 648 876
322 454 79
307 422 607
680 716 562
697 754 834
58 864 468
166 955 165
766 944 157
692 930 945
182 483 564
398 732 612
420 444 218
701 797 626
357 583 299
76 945 174
537 641 675
188 807 22
529 805 457
749 898 992
590 702 126
167 603 515
645 839 39
775 792 933
27 528 929
447 699 288
383 533 551
224 994 419
187 214 984
353 706 134
806 961 200
21 99 444
318 575 925
37 833 234
203 749 483
186 405 642
245 886 342
189 954 300
124 361 324
275 345 273
224 703 757
9 261 677
66 302 950
428 457 191
190 731 271
204 352 678
738 936 682
354 597 395
181 944 818
268 641 114
544 636 554
104 163 26
42 611 584
70 539 924
40 602 656
32 778 128
126 770 613
613 704 286
891 994 837
14 29 939
821 915 871
291 696 247
473 829 558
181 628 858
365 503 384
97 633 696
558 734 271
585 668 376
416 683 228
420 867 613
661 939 586
64 157 243
430 444 216
253 743 418
231 266 703
662 763 352
40 150 304
39 856 250
408 666 908
11 535 282
72 918 547
418 638 311
26 107 353
249 866 973
314 814 702
97 406 43
797 851 453
300 781 286
141 507 393
201 336 521
22 326 91
231 884 898
453 458 15
236 974 711
242 655 249
478 791 857
375 617 481
672 870 164
642 834 889
491 664 429
483 536 225
211 617 463
124 286 852
113 523 556
167 818 165
8 905 688
157 248 373
470 865 60
532 768 986
54 352 221
270 440 582
293 633 824
76 383 629
466 651 540
643 975 142
602 995 455
206 633 908
686 839 756
191 239 182
674 791 612
198 569 327
548 812 469
734 927 589
132 223 121
282 748 918
861 886 537
255 521 489
860 893 564
371 701 931
173 774 788
248 680 901
194 338 867
813 839 476
190 670 89
339 832 5
252 947 133
390 811 319
574 604 455
779 985 895
136 677 947
283 310 655
240 873 169
594 600 413
124 803 785
126 325 67
754 894 810
168 357 271
171 838 38
357 927 857
340 675 126
34 903 866
45 50 468
512 905 541
337 380 306
46 356 200
34 308 556
306 561 280
112 736 661
6 822 620
716 911 572
405 828 313
375 994 307
340 871 664
859 945 133
25 969 779
651 909 307
621 919 468
864 984 111
350 695 874
646 896 300
86 750 342
221 249 368
363 580 515
74 829 411
552 869 379
534 565 825
99 706 441
708 872 534
108 524 21
47 979 877
678 787 154
242 345 419
66 171 920
133 279 24
93 964 706
363 388 674
571 955 914
99 158 975
178 787 542
252 608 29
199 939 437
438 737 806
61 70 672
571 665 518
437 835 523
39 915 453
689 758 689
355 454 510
66 623 702
16 344 537
1 724 176
169 270 842
334 592 535
486 831 943
178 452 964
239 733 561
870 913 538
31 801 879
213 718 804
254 442 522
557 769 424
258 479 390
97 109 213
524 998 270
297 652 936
250 692 246
676 904 488
769 830 353
440 944 549
698 819 795
300 507 739
505 851 429
551 626 100
128 140 459
702 746 211
65 743 497
906 919 892
656 754 365
305 484 316
205 465 806
152 433 743
635 690 744
279 1000 126
46 973 518
565 803 325
244 600 510
863 962 233
441 917 743
262 869 660
270 368 227
172 836 672
49 983 325
134 291 506
228 474 803
138 814 589
203 780 375
179 295 17
161 368 624
255 624 96
522 795 974
467 608 974
285 943 887
622 1000 334
221 977 874
57 944 231
43 590 140
464 606 11
304 899 691
412 470 151
52 893 627
486 622 626
87 837 893
456 941 939
155 237 814
286 785 270
113 483 880
198 205 35
139 561 720
782 805 622
532 788 423
131 917 430
98 320 321
615 741 673
491 883 355
671 676 424
374 556 848
585 803 702
793 814 895
496 922 196
64 206 585
306 407 667
456 504 110
224 676 745
101 466 684
373 413 400
121 492 432
466 580 549
286 380 523
21 241 30
297 889 810
157 497 529
106 395 564
478 971 433
10 245 590
655 743 351
379 574 845
196 544 343
772 833 107
10 68 566
233 917 821
362 563 733
401 705 701
453 664 552
97 138 822
777 958 361
466 533 168
704 889 930
156 476 38
708 785 181
251 966 584
74 885 141
39 49 522
117 817 562
6 314 101
290 332 170
30 332 283
432 747 827
207 800 461
362 966 123
377 525 236
105 542 860
74 599 856
41 294 52
523 586 858
139 913 629
212 697 43
32 47 179
325 614 104
304 943 298
305 587 291
89 460 684
4 355 305
452 541 767
40 151 524
295 961 420
97 858 709
26 342 920
528 764 39
71 458 247
222 818 151
447 875 371
250 411 306
14 606 70
240 733 859
139 315 491
606 932 367
343 571 539
344 587 113
508 617 860
590 667 261
77 508 982
647 842 735
797 963 798
374 810 902
231 887 458
111 813 776
422 904 245
101 327 58
363 632 647
716 868 967
201 433 796
776 901 568
85 819 987
78 248 26
336 503 28
768 900 727
21 344 878
206 860 731
139 366 92
211 838 359
142 708 965
761 960 767
489 569 518
199 386 428
648 841 824
180 228 622
5 197 272
69 914 249
165 399 241
591 841 298
246 298 134
216 361 144
803 889 460
678 839 307
666 791 355
557 826 213
320 455 12
356 397 186
429 556 617
122 206 247
198 363 347
259 341 492
4 919 867
848 956 203
192 944 960
623 687 582
537 828 435
494 881 612
361 419 84
207 376 272
45 621 221
569 902 159
88 240 366
849 899 89
22 807 411
453 467 620
69 264 819
456 707 521
679 687 256
465 523 787
448 871 406
182 424 842
149 785 228
805 998 199
370 539 912
166 800 593
797 822 224
10 472 811
286 293 398
154 912 401
392 792 401
64 725 667
138 356 320
374 822 611
16 840 957
223 795 154
759 885 958
867 915 52
396 515 787
186 475 373
668 811 880
595 893 895
586 600 492
475 907 411
338 693 976
416 475 80
772 936 157
114 216 325
690 893 754
307 611 149
548 611 471
454 662 271
1 70 706
402 885 632
315 768 863
340 781 235
428 855 501
341 768 419
624 806 890
109 484 192
458 556 173
116 732 951
281 769 835
98 184 718
167 277 740
5 74 23
208 842 665
126 968 860
181 649 543
743 843 357
139 985 297
251 349 944
218 398 814
40 930 789
605 663 195
504 932 415
151 199 625
299 976 477
908 962 989
88 93 421
325 848 961
109 953 440
499 613 703
482 877 183
112 242 516
130 497 552
611 792 145
541 765 795
727 906 577
212 506 414
222 778 977
98 300 39
575 770 897
178 340 816
244 245 260
46 423 208
66 525 718
288 875 214
533 927 89
805 922 561
710 777 388
162 275 477
272 447 943
923 951 651
551 668 341
3 590 953
776 974 526
391 975 627
682 748 541
539 794 984
51 823 466
54 190 640
348 415 867
77 119 478
815 953 430
281 594 553
506 515 208
60 942 749
487 758 437
253 313 636
48 722 631
176 487 513
164 988 230
6 351 162
544 594 428
213 361 348
613 968 879
511 709 56
583 881 762
566 577 718
290 964 746
173 845 441
195 961 644
532 576 945
809 861 106
166 194 245
596 627 270
251 470 214
326 388 593
438 706 950
247 898 652
602 703 316
415 694 710
66 624 497
101 878 591
636 705 906
839 988 880
461 534 619
351 646 88
145 641 487
58 674 101
495 971 276
426 846 493
262 472 435
798 804 190
650 811 313
508 582 744
900 902 41
667 949 610
228 581 342
286 381 558
54 969 311
145 931 749
20 841 653
349 643 378
222 659 720
29 517 825
395 423 43
388 676 709
343 706 553
16 559 111
137 717 693
449 547 626
495 508 870
393 932 604
3 985 649
479 808 876
371 691 665
600 955 877
53 67 51
256 491 513
167 255 940
226 537 859
9 327 256
492 830 270
471 581 755
246 719 531
468 701 123
91 977 265
556 636 617
118 465 700
485 714 42
610 981 411
605 686 949
18 926 797
19 395 847
213 833 22
291 523 734
389 662 318
139 719 569
481 506 411
451 734 264
44 599 621
407 839 622
602 949 577
141 279 672
603 615 370
279 393 890
309 966 60
148 452 123
426 802 703
53 496 88
434 581 919
327 887 763
272 391 841
239 347 165
336 714 894
577 908 984
46 697 190
255 681 412
379 620 132
590 954 525
2 675 265
573 696 167
244 370 115
29 666 941
181 335 643
312 402 926
354 789 561
346 394 758
335 714 994
162 172 326
163 605 758
171 454 412
38 938 769
39 71 822
260 368 162
78 411 912
116 586 110
247 789 912
820 840 887
781 867 144
428 717 683
713 873 723
502 833 359
454 996 359
190 930 614
361 750 744
95 99 662
26 614 848
891 896 174
160 480 154
507 923 985
456 919 269
147 730 999
26 393 150
27 112 931
688 790 80
139 666 449
70 950 664
628 836 371
209 902 493
123 600 8
53 658 290
490 717 385
149 574 116
88 352 231
14 648 715
672 728 146
322 833 742
162 554 514
70 227 765
370 649 579
471 751 353
602 824 572
572 976 847
280 720 629
249 749 321
413 524 440
519 712 972
335 795 139
881 893 605
44 127 683
231 747 472
470 929 931
224 795 726
707 854 669
121 645 58
202 846 907
78 213 330
480 612 319
635 680 756
318 324 737
376 565 947
363 941 391
270 491 205
586 680 291
431 629 368
38 583 598
20 214 608
388 914 502
212 830 407
176 508 976
20 325 603
354 539 739
794 812 133
198 539 623
290 590 32
29 339 846
325 684 481
222 316 550
795 900 980
377 693 505
85 108 823
285 634 758
553 730 739
269 774 337
476 703 318
593 713 826
477 771 999
244 562 484
464 914 500
321 831 867
148 952 617
437 833 835
614 735 227
615 626 763
52 552 688
93 324 616
429 834 339
314 698 973
697 806 756
404 512 651
541 877 480
111 529 274
754 864 752
331 689 422
427 574 223
434 698 116
880 982 652
469 847 199
519 671 148
900 931 514
99 337 39
606 719 36
344 816 698
16 949 554
862 996 977
721 752 906
668 921 415
44 99 680
609 692 430
599 977 883
211 912 391
730 864 495
548 561 596
94 779 104
60 943 151
385 563 581
119 332 231
57 412 823
462 779 568
592 784 81
276 963 644
405 673 153
20 722 244
526 982 81
252 305 898
364 795 2
296 410 417
208 710 952
282 597 110
319 594 483
639 681 820
127 389 473
143 672 268
113 383 692
99 188 249
173 733 802
209 812 971
653 723 325
348 581 480
10 970 819
28 279 313
585 630 624
184 525 85
494 814 999
546 579 652
553 680 954
340 400 92
503 676 923
1 566 943
532 790 57
313 984 694
248 303 855
104 525 79
282 440 861
73 275 876
555 905 19
171 896 985
728 791 764
710 987 968
756 858 826
104 508 546
289 718 401
396 742 331
235 406 203
695 951 877
444 762 576
67 337 960
441 637 843
205 451 724
98 885 628
512 657 487
795 817 642
772 835 323
480 701 872
60 988 483
267 974 469
306 936 436
105 482 267
415 576 63
293 723 533
595 643 227
856 897 120
708 930 219
394 598 699
522 938 705
134 412 489
570 958 55
347 587 759
131 422 108
528 818 461
639 764 489
347 760 205
477 681 756
195 956 551
570 656 521
39 631 7
649 775 727
498 727 944
140 398 379
191 607 743
92 951 255
348 553 304
238 749 763
210 582 173
27 63 793
198 227 451
486 874 271
44 592 859
101 641 517
49 302 297
213 531 980
179 232 732
589 940 551
326 786 884
59 373 101
611 928 997
832 947 689
488 745 936
32 715 635
141 359 742
222 594 927
274 748 85
10 437 196
176 917 435
250 746 942
91 290 610
54 938 932
25 208 981
153 395 876
119 752 762
374 859 348
215 221 364
190 552 598
383 923 633
152 205 478
564 786 941
466 981 532
376 612 254
107 973 77
150 842 233
186 436 72
349 904 462
100 274 683
104 853 755
160 583 801
34 950 366
368 986 910
350 734 902
167 956 76
6 506 196
599 921 156
