100
14 74 575
11 68 55
12 78 792
57 61 627
39 70 80
54 58 355
37 82 663
32 44 365
13 70 908
29 44 159
27 68 989
73 82 565
7 55 964
5 74 93
19 91 89
20 75 331
76 88 484
46 97 985
23 97 421
49 58 646
56 75 694
19 65 818
59 97 450
4 5 857
85 87 708
3 40 819
7 22 437
60 62 536
11 41 434
90 95 181
65 71 195
19 70 773
1 15 779
30 51 14
59 92 303
57 60 279
8 45 209
79 82 201
66 84 861
49 52 918
16 88 859
44 98 899
24 40 909
60 93 326
4 17 266
19 27 931
26 34 80
70 98 753
9 81 237
15 79 229
79 91 873
74 75 125
40 55 712
53 91 696
13 37 25
8 76 162
85 98 80
5 84 29
18 93 863
19 32 304
11 70 743
73 78 411
86 88 655
2 82 185
61 74 451
39 94 136
54 82 407
7 70 220
5 76 425
6 21 411
8 40 801
27 96 365
27 95 406
38 79 526
4 75 157
34 39 246
29 93 937
40 75 354
2 97 961
65 69 477
28 79 52
42 65 630
32 96 229
2 10 938
26 63 363
6 50 472
61 98 651
23 76 541
19 20 814
9 46 754
1 80 620
43 47 959
50 94 31
9 26 733
38 50 459
47 75 583
43 82 697
5 8 702
18 96 639
1 56 538
6 7 757
14 37 309
11 67 279
15 73 218
29 73 510
29 99 354
76 93 81
42 93 12
44 91 439
15 33 941
32 74 125
60 76 408
73 76 930
8 35 204
88 90 299
42 58 993
25 98 717
30 70 40
65 66 6
42 68 757
49 62 459
83 89 229
80 82 660
13 97 673
45 100 6
5 46 308
52 79 858
40 77 597
4 83 766
49 93 930
41 47 396
77 91 275
57 94 744
28 29 698
24 37 477
38 98 307
22 33 494
9 44 306
33 63 885
4 60 738
7 33 533
29 84 33
27 76 875
26 69 564
54 68 855
10 53 274
66 74 932
41 100 332
14 35 899
60 89 238
19 31 55
2 61 847
26 46 42
27 47 881
81 94 730
63 77 720
11 91 524
28 95 788
55 84 400
49 59 2
24 51 321
18 89 87
26 41 707
12 68 964
1 90 740
31 48 449
42 56 219
3 92 5
16 92 996
11 12 357
13 14 201
19 71 41
14 45 390
15 40 986
1 34 555
23 51 860
82 86 180
2 41 779
11 73 306
13 69 952
79 83 868
3 69 484
4 93 597
30 79 241
66 87 256
30 81 544
19 76 68
4 10 216
85 90 95
62 76 264
9 72 565
84 87 433
45 91 184
16 87 835
16 19 805
6 26 525
30 39 416
10 41 557
31 38 975
18 25 886
16 41 100
51 68 920
29 76 560
5 64 598
43 57 849
30 88 266
7 78 442
33 99 390
12 27 620
85 99 462
7 100 574
25 47 194
20 26 715
9 91 891
31 47 618
35 40 97
9 61 242
40 61 994
1 71 670
2 79 879
7 54 413
28 89 820
55 83 789
59 87 482
64 89 104
49 57 504
13 19 718
56 61 573
3 5 993
10 72 473
15 45 228
45 77 94
3 43 466
27 38 394
23 52 961
36 76 259
36 42 236
8 13 525
37 43 512
11 40 893
90 92 39
3 94 912
48 51 14
3 100 655
49 50 658
28 100 425
50 57 455
47 67 188
1 14 127
13 46 986
26 62 84
24 34 816
57 67 803
26 56 401
1 81 927
58 78 720
27 75 616
38 91 436
49 81 147
64 87 287
5 9 586
57 68 794
2 62 765
27 42 161
35 85 4
63 64 751
29 80 434
9 58 154
16 43 88
17 91 535
74 82 121
14 27 524
18 64 902
15 56 810
2 31 56
4 25 652
32 73 752
24 95 560
30 44 236
26 93 928
88 89 245
1 69 293
7 48 965
78 85 141
35 48 540
6 79 449
46 57 649
15 27 783
23 98 78
83 86 144
68 95 263
45 75 346
13 98 915
70 93 333
3 45 91
1 45 108
79 84 266
22 41 241
29 34 278
1 94 717
17 36 277
14 15 664
6 88 895
51 96 146
44 72 391
68 70 251
57 95 950
4 15 97
85 93 981
7 8 822
48 71 345
77 97 595
10 42 481
53 95 279
49 87 624
37 60 22
29 79 743
24 31 830
42 83 140
8 72 347
33 64 29
71 87 252
2 60 9
12 76 441
39 68 380
37 84 435
15 72 137
22 29 642
61 78 791
31 72 309
14 25 820
56 99 511
30 45 31
41 68 219
55 76 921
2 29 321
7 96 793
46 69 669
23 93 411
45 80 736
32 75 603
46 47 523
62 69 759
10 87 700
48 75 674
87 99 779
39 91 29
63 81 334
37 46 115
35 50 733
47 88 655
49 61 536
14 44 836
47 70 514
12 100 256
1 9 839
53 57 197
59 90 851
48 66 429
8 49 657
13 84 275
31 68 140
28 74 574
46 77 596
31 98 215
79 100 939
12 99 500
14 89 463
80 96 289
29 57 782
39 41 47
36 93 220
51 95 898
34 61 363
53 93 618
14 20 439
66 81 246
14 62 881
47 84 783
66 75 795
30 49 170
24 45 680
