100
72 99 44
57 82 50
59 78 85
7 65 932
92 93 492
5 81 170
30 41 358
7 49 436
7 25 484
22 79 568
50 60 735
16 47 551
47 68 311
8 55 608
16 50 359
3 24 610
22 83 476
74 94 132
47 56 862
76 91 380
1 76 271
14 82 37
17 64 740
28 68 201
19 98 395
45 48 789
15 92 995
49 53 203
46 97 928
28 97 127
52 83 674
34 48 46
2 90 738
3 92 274
7 98 806
28 50 482
40 57 783
9 40 288
68 92 643
53 57 78
53 86 47
9 72 146
26 54 702
32 77 260
20 93 311
9 93 282
57 59 249
39 48 205
6 88 758
33 61 784
25 71 598
56 85 494
29 37 443
55 95 57
2 46 973
29 82 758
1 12 690
15 52 575
38 92 97
20 63 576
11 39 288
7 33 512
60 65 734
17 57 968
22 61 48
45 94 503
27 34 891
7 95 288
37 94 382
2 80 593
6 100 34
33 99 449
19 22 528
61 72 290
27 88 285
13 79 665
56 69 660
27 77 280
53 95 899
11 61 152
18 41 547
54 92 310
24 33 856
7 32 370
55 61 953
42 73 805
4 23 199
65 66 173
36 74 347
19 95 503
25 81 155
6 29 113
11 72 352
19 84 371
2 85 332
32 45 825
17 99 71
14 96 186
79 82 428
35 61 197
32 94 441
31 92 256
13 95 405
41 46 808
18 97 3
57 65 966
38 100 491
6 73 611
86 98 433
28 49 122
84 86 407
54 63 721
61 90 102
36 79 701
33 49 649
5 83 302
47 92 23
19 79 772
3 50 50
59 82 125
87 98 163
29 46 428
48 60 207
40 58 930
12 35 942
4 64 948
35 56 34
9 13 349
5 10 549
78 80 978
71 98 709
25 37 174
5 7 14
19 100 334
80 98 829
77 91 277
23 52 847
30 92 293
76 87 993
20 28 280
62 63 553
19 74 295
9 38 999
41 44 272
58 79 24
47 53 211
38 93 69
20 56 776
28 29 763
1 77 953
41 99 893
36 48 507
2 34 153
23 78 440
14 79 247
3 38 291
10 26 714
30 89 79
5 23 366
36 65 9
7 73 120
33 98 296
46 92 900
56 83 651
11 81 141
16 95 673
42 88 566
22 76 501
54 81 312
18 27 932
32 82 375
50 81 999
29 65 711
12 48 675
36 53 428
9 69 734
54 94 65
13 68 38
69 96 34
22 45 952
34 50 631
24 81 437
58 96 34
15 77 68
5 39 589
29 42 803
9 71 791
14 92 619
38 84 545
39 94 144
54 82 936
87 99 61
75 85 310
6 71 315
47 58 764
4 29 261
62 76 753
9 64 117
24 29 710
47 55 715
38 61 981
19 93 102
94 96 584
8 43 241
38 70 580
79 92 222
48 66 348
28 99 195
12 30 908
26 81 116
60 96 980
58 80 79
64 99 40
79 80 141
43 91 130
8 89 421
5 9 433
48 56 592
31 69 307
18 44 436
65 90 619
20 95 1000
29 35 602
50 100 986
30 93 976
65 79 964
47 82 279
12 16 281
62 83 28
44 74 540
36 69 153
29 80 228
32 86 671
55 78 140
19 51 844
43 94 190
23 92 799
65 80 26
40 76 35
3 82 91
53 63 288
49 61 491
15 40 609
40 66 421
10 22 714
6 33 498
21 88 957
26 88 524
52 87 512
16 80 54
24 61 329
39 90 122
29 83 852
10 39 286
15 96 460
3 29 290
6 63 350
54 69 628
51 69 261
10 79 714
75 90 349
28 65 538
2 57 110
43 53 309
8 17 39
63 99 946
27 35 167
47 71 696
9 23 262
71 100 74
40 78 472
37 95 475
5 80 505
50 73 244
31 41 5
55 60 65
27 92 55
2 21 451
46 77 282
4 77 221
41 98 312
27 74 809
75 97 759
24 45 937
7 34 929
11 31 423
7 61 13
67 84 421
45 85 537
20 91 291
1 9 717
