1000
47 332 872
505 509 38
255 839 790
770 809 829
730 856 881
185 946 887
94 276 898
123 946 234
613 760 981
83 408 870
675 764 827
322 844 631
109 510 85
532 626 520
37 770 186
24 554 346
297 538 925
776 910 743
136 323 508
135 501 376
174 767 847
626 857 46
657 668 52
929 983 581
108 698 832
640 979 764
660 865 844
58 796 553
826 898 624
55 412 652
577 627 490
539 982 238
309 800 277
88 694 111
585 803 76
329 652 541
148 781 371
365 513 475
39 238 141
26 756 467
78 805 640
282 538 273
283 306 836
328 393 434
272 921 791
37 698 397
44 147 212
518 685 257
478 772 969
137 499 31
528 941 390
138 796 227
650 932 146
659 671 812
109 288 951
823 912 665
163 675 461
310 566 883
26 935 956
278 559 330
7 626 482
302 646 58
529 856 682
240 608 876
144 979 578
664 705 569
534 769 175
721 955 684
42 67 994
597 846 353
464 753 972
617 826 821
357 996 887
412 574 41
326 964 563
327 539 118
199 742 661
278 708 981
836 854 872
326 780 236
307 535 867
58 633 48
749 838 732
79 630 311
405 634 220
373 853 830
83 422 627
507 521 648
323 970 24
336 580 496
74 239 460
387 646 125
688 782 651
875 979 690
195 814 322
774 952 121
72 473 87
165 455 822
476 497 330
24 679 97
224 756 842
758 908 482
440 782 612
222 734 993
299 962 834
139 182 776
686 858 211
215 387 953
456 637 675
127 759 106
241 343 803
519 715 87
77 628 963
910 928 793
423 584 840
745 825 637
62 557 681
292 794 203
339 479 315
431 534 146
767 795 429
37 273 901
241 320 662
103 513 959
920 965 631
98 212 434
633 908 131
366 808 29
651 887 859
506 779 378
451 563 52
255 963 633
537 867 309
274 980 339
193 329 313
278 323 507
113 984 197
138 913 238
51 989 274
6 938 499
309 386 372
159 494 57
589 730 167
1 273 797
238 870 774
612 730 464
244 312 510
841 985 475
91 93 988
148 794 887
19 658 206
362 726 855
149 437 458
23 106 718
61 275 406
335 995 621
48 227 519
619 777 273
66 651 565
456 755 941
189 279 732
348 531 290
574 741 566
421 699 543
650 887 217
315 770 430
834 878 262
106 674 975
240 625 454
52 215 770
288 472 78
398 511 384
38 669 94
497 837 86
612 626 411
353 625 289
65 836 815
190 232 483
139 640 281
359 926 713
213 895 415
602 779 567
218 649 761
325 416 947
379 799 404
383 766 791
562 812 702
82 151 522
154 824 156
599 965 719
175 183 726
89 255 458
34 927 421
586 720 416
697 863 120
627 635 332
222 317 787
114 666 785
426 664 439
13 487 209
339 950 924
176 500 259
179 490 411
418 571 138
254 653 288
261 341 915
187 951 50
459 873 833
209 711 235
545 813 922
236 752 414
584 789 947
70 768 595
788 992 318
183 556 343
277 357 742
449 587 328
466 939 713
175 945 376
95 789 963
58 827 775
271 534 528
64 653 511
314 685 930
144 731 904
930 963 273
364 958 40
91 542 882
31 421 179
929 966 476
704 988 157
578 603 905
388 478 194
105 945 568
85 116 159
106 990 360
550 828 980
235 341 191
847 928 672
705 911 330
557 934 468
393 683 532
229 890 59
605 750 29
60 945 598
293 669 160
96 380 851
846 971 845
116 442 276
262 498 487
120 370 640
145 309 704
609 690 54
225 858 521
242 957 502
189 642 499
667 939 134
45 478 421
243 448 526
379 380 454
107 147 784
656 936 261
303 359 983
41 366 270
629 885 752
725 929 743
64 563 662
176 520 749
283 748 526
516 942 630
469 713 828
65 605 88
443 994 998
178 410 423
542 999 691
778 988 15
66 401 250
268 885 569
50 717 494
107 516 61
286 885 57
805 816 241
615 683 587
405 418 596
5 749 438
157 705 48
76 476 757
497 881 997
369 516 688
318 812 707
428 481 879
638 814 172
198 412 975
308 372 966
75 419 205
807 882 618
66 404 864
65 642 303
61 311 393
389 474 252
319 596 510
506 819 228
140 759 615
343 481 297
327 823 528
350 811 747
295 341 614
423 762 298
459 599 621
157 404 127
803 981 541
127 364 497
453 537 925
476 975 688
534 839 125
505 905 311
685 990 157
427 441 113
448 962 428
571 914 928
123 232 405
14 348 106
197 516 989
271 781 282
718 949 373
441 741 30
262 383 463
546 554 476
717 734 334
289 563 371
658 787 700
91 613 400
362 683 839
848 856 39
367 720 115
559 620 898
526 700 466
188 949 239
323 780 197
125 424 815
509 969 372
29 595 864
111 288 546
519 999 829
280 612 398
225 933 277
448 938 308
68 387 668
380 858 923
507 578 932
790 992 742
438 821 528
94 102 91
167 788 525
258 528 628
98 678 465
246 760 159
232 366 510
782 953 401
144 680 234
35 532 1
91 973 432
274 752 519
612 855 209
349 743 705
153 961 905
501 875 970
281 546 764
11 946 701
150 391 863
90 271 936
6 62 915
182 185 209
38 914 560
202 555 333
684 782 126
101 334 151
21 859 80
480 910 511
71 898 500
229 728 195
106 818 794
56 205 901
623 967 555
363 727 970
320 706 862
634 921 563
526 566 814
780 981 476
621 652 953
859 884 525
141 781 756
237 568 900
281 989 790
40 790 307
681 808 172
546 765 929
613 947 285
366 490 794
86 679 955
160 234 226
52 613 143
772 980 938
147 980 704
346 415 375
89 664 973
417 567 777
625 769 209
684 773 945
66 783 279
47 392 693
158 953 581
16 914 926
953 988 376
811 955 397
575 636 979
95 597 599
612 956 631
235 946 575
575 658 383
589 833 516
707 896 274
300 474 506
759 769 863
143 758 996
567 969 703
716 978 137
330 558 182
894 993 524
828 960 769
29 978 504
321 788 948
583 713 123
3 996 809
932 980 997
468 803 976
590 645 988
634 818 113
666 736 790
141 551 77
117 599 829
261 338 950
335 511 391
106 835 5
841 913 114
626 818 996
112 270 95
41 807 91
593 654 645
108 199 899
632 852 301
45 129 51
303 642 529
325 905 384
679 871 679
439 905 507
334 964 79
8 147 475
209 323 130
64 901 103
431 777 76
430 692 781
9 224 492
329 774 526
602 642 973
183 388 919
222 843 297
9 435 973
227 781 672
176 777 684
728 742 27
286 450 399
508 937 42
415 687 133
701 833 661
401 703 858
328 873 114
790 868 888
457 816 405
425 747 109
402 769 157
268 387 257
146 508 406
487 867 747
555 676 463
457 897 412
6 860 364
100 913 708
690 753 720
178 400 95
87 334 824
12 967 729
236 670 988
336 792 227
635 950 724
463 983 942
230 452 142
57 302 420
620 820 905
477 552 821
125 616 1000
36 712 714
290 543 775
20 959 321
437 791 281
398 669 71
591 895 667
282 716 122
690 979 860
305 729 55
50 809 269
72 881 390
34 99 640
889 920 558
21 339 556
560 998 894
121 388 731
324 740 941
36 529 36
438 974 681
292 469 888
276 775 437
538 606 79
80 794 282
528 953 734
963 967 656
484 575 13
490 572 337
291 677 893
365 823 979
24 989 256
425 943 702
315 856 351
135 827 397
83 122 392
600 709 812
858 956 619
322 545 678
892 968 623
417 690 396
16 534 34
402 627 676
51 128 384
741 961 289
500 526 567
907 909 400
286 460 207
127 135 115
388 945 881
411 769 174
47 779 999
107 387 142
821 907 140
427 807 855
82 557 612
398 568 835
270 755 987
649 847 708
425 477 374
649 816 818
320 549 857
727 826 492
674 792 317
250 973 406
326 464 740
92 499 654
221 294 427
3 322 344
78 255 901
445 883 344
559 884 597
29 777 95
619 845 965
105 163 333
126 936 246
22 592 295
181 254 906
420 599 426
424 861 426
481 583 430
243 864 911
483 807 593
82 661 890
1 952 465
109 183 269
2 777 113
599 792 901
23 182 509
439 529 293
190 247 804
102 926 805
543 780 137
439 974 240
234 302 173
344 941 664
516 802 148
79 528 53
382 713 31
63 476 532
744 928 303
123 724 516
531 902 998
731 917 965
678 747 723
145 830 362
699 793 581
497 500 479
351 465 748
112 185 23
217 610 535
472 790 716
330 732 824
256 535 241
212 950 521
73 547 53
82 126 244
546 937 536
5 249 624
448 697 234
488 684 413
454 672 258
18 570 345
664 921 183
419 703 79
386 717 518
331 513 218
261 954 165
189 589 241
709 993 427
945 976 99
563 716 447
361 710 935
308 966 203
8 416 955
420 457 900
349 616 121
208 388 452
61 489 40
263 689 481
601 934 450
217 592 115
341 680 165
143 468 683
253 833 19
568 899 306
839 853 326
138 345 521
88 112 806
3 455 344
612 725 370
538 656 268
208 856 479
264 517 297
313 936 120
357 494 14
90 686 950
359 563 982
774 961 218
11 741 756
340 615 772
285 929 194
194 310 934
531 694 59
551 764 967
420 980 132
152 180 902
304 561 699
245 468 495
335 909 905
528 933 291
410 628 886
488 780 359
52 194 74
142 185 599
54 762 213
42 440 878
277 293 941
281 449 10
647 962 379
485 572 396
414 793 14
838 945 956
278 312 281
542 750 88
227 640 487
263 781 498
378 796 10
252 821 848
218 264 439
181 644 19
12 292 461
240 789 186
169 753 508
276 744 983
158 287 996
23 495 194
125 497 768
3 129 437
664 999 654
496 766 624
741 780 655
794 803 606
210 836 251
48 124 723
9 226 558
432 544 71
33 994 812
25 172 380
53 619 688
221 814 172
123 787 591
681 984 812
574 882 656
116 795 351
79 401 52
138 926 425
213 314 418
165 423 794
383 783 517
425 797 767
591 848 265
512 900 583
179 810 90
166 486 677
700 732 880
601 671 876
176 510 618
233 739 429
515 981 549
40 499 648
741 821 256
6 374 688
407 891 255
212 943 202
263 605 304
88 629 2
655 879 292
35 741 775
255 971 327
606 929 588
8 278 129
45 911 147
335 512 467
300 895 461
565 675 697
106 344 686
89 256 128
753 793 965
438 669 905
130 143 861
4 160 779
271 670 912
155 189 680
135 169 328
31 93 228
143 916 964
383 590 536
629 733 677
80 279 531
662 912 21
135 612 621
612 692 768
145 339 630
672 805 64
267 526 309
125 387 842
73 229 222
1 805 813
25 584 221
777 845 398
544 576 92
49 937 381
211 678 889
105 111 267
506 727 271
694 794 505
255 271 663
76 915 195
75 544 459
976 982 321
459 737 818
348 915 665
348 859 181
543 547 965
305 656 174
231 616 847
933 963 726
435 744 796
845 1000 307
631 849 422
137 200 926
104 373 587
909 944 715
417 943 513
434 967 872
128 464 819
57 494 93
174 621 197
613 700 970
493 987 380
375 679 359
302 637 17
870 981 215
608 954 761
236 795 416
956 962 746
496 739 179
596 948 415
316 809 880
300 947 886
57 617 595
514 790 907
718 948 69
256 419 985
535 921 512
16 70 885
58 618 70
446 506 270
268 283 198
35 608 103
640 910 399
642 958 958
77 123 693
439 628 987
506 519 832
306 638 795
507 668 55
386 645 212
30 928 787
386 422 898
389 464 16
428 634 787
11 418 972
588 928 706
1 594 59
697 813 780
455 997 432
684 945 767
582 686 912
461 947 273
353 554 558
580 738 93
291 933 703
672 765 2
70 196 719
608 763 29
401 403 532
2 499 972
708 725 729
384 623 138
258 555 384
10 966 85
356 688 103
621 998 856
921 939 605
234 859 143
317 476 335
366 724 720
437 849 736
664 875 233
66 686 641
287 391 794
144 159 856
262 692 122
474 759 852
435 871 925
240 355 870
217 319 406
779 914 241
6 451 458
282 584 466
317 940 684
30 453 708
13 435 540
234 672 323
842 931 909
535 615 547
39 596 998
393 995 570
192 885 958
448 495 31
395 895 660
801 976 654
143 714 714
129 242 582
6 599 36
64 783 887
728 779 713
362 444 124
549 1000 18
227 760 377
241 840 399
494 496 196
367 610 189
425 866 304
172 506 350
118 602 160
263 408 11
451 766 356
384 546 502
803 818 930
311 687 170
441 844 782
665 821 151
5 316 820
228 545 771
62 760 917
232 420 823
290 834 968
657 901 639
103 814 864
198 850 700
821 954 178
216 855 397
218 609 506
519 998 692
331 565 542
922 988 534
25 716 451
124 737 583
106 276 964
417 668 648
508 602 719
291 528 745
606 900 48
2 14 224
185 278 382
114 468 391
354 890 620
333 694 760
390 868 863
279 478 273
64 800 946
618 913 901
140 379 236
397 782 621
17 896 175
511 719 725
190 351 606
597 901 896
833 941 892
168 330 850
51 362 474
416 957 44
626 769 172
93 166 737
666 751 781
349 882 245
298 996 988
546 1000 529
304 451 244
428 940 273
215 290 311
124 525 14
219 362 258
547 818 118
419 892 247
22 93 305
260 312 182
615 886 30
530 586 812
87 275 908
862 878 568
116 415 647
471 758 807
45 538 88
619 924 861
9 540 656
589 597 194
448 977 545
432 502 225
359 382 478
732 756 710
720 857 630
419 519 900
106 697 29
26 174 322
743 863 730
392 409 626
70 701 182
197 843 325
731 856 435
440 592 960
957 961 892
161 940 382
100 251 995
124 640 86
752 878 75
661 819 509
171 305 387
100 435 196
393 719 950
529 715 578
306 315 764
571 838 116
16 850 87
452 856 238
828 961 541
212 741 547
43 974 203
63 259 711
436 944 600
88 725 803
380 531 632
35 517 799
588 879 409
433 747 215
204 270 101
703 804 177
478 660 412
843 853 195
232 522 845
763 806 255
213 926 793
750 972 917
252 719 592
58 394 370
666 935 458
44 604 295
562 596 815
559 634 540
393 461 118
270 799 593
141 685 171
224 312 965
186 611 499
478 950 697
544 625 8
337 661 476
473 965 266
144 409 596
71 171 883
94 946 67
203 371 568
497 900 329
24 418 562
260 445 114
150 564 870
197 337 769
225 487 849
181 861 853
497 706 880
680 744 820
499 601 912
832 837 943
118 264 292
375 737 304
140 828 274
215 903 134
182 606 951
147 159 784
220 575 618
683 920 426
481 684 543
631 689 610
742 924 727
798 898 708
110 940 33
146 304 604
471 821 184
184 461 969
202 980 350
59 382 860
72 342 796
115 373 327
616 773 906
266 572 292
106 738 263
213 846 604
226 775 927
126 737 876
253 487 674
74 971 952
506 529 473
438 685 161
100 366 7
778 882 977
191 332 402
283 999 722
431 902 805
103 613 532
289 614 727
17 665 227
513 572 313
312 939 155
519 744 822
7 867 676
357 547 88
305 809 69
358 573 739
162 914 903
407 728 213
404 587 227
385 623 38
439 724 665
6 409 941
119 757 338
726 821 663
69 598 783
694 810 62
626 747 707
53 525 886
290 849 214
883 931 127
422 996 896
333 706 431
28 475 420
65 471 736
117 386 832
32 792 666
233 566 51
17 513 191
751 796 52
111 587 722
460 656 756
652 925 403
448 573 739
83 499 30
59 106 835
183 656 586
292 870 727
114 322 418
608 637 466
304 452 342
249 473 907
318 505 24
51 335 571
388 844 49
755 845 75
107 864 941
47 588 812
301 769 605
356 935 885
107 491 791
384 696 119
404 961 290
830 886 103
577 818 208
891 904 755
300 447 690
123 734 609
303 521 728
234 439 231
324 898 734
364 727 656
201 243 47
94 935 572
518 979 593
139 736 547
99 386 366
154 366 790
65 345 169
44 249 178
69 369 140
108 775 640
414 663 107
37 558 963
448 920 991
331 442 605
214 508 67
176 910 830
270 840 543
267 654 937
291 709 113
53 494 679
346 664 260
112 299 201
167 704 851
518 680 345
657 821 517
499 733 147
704 857 806
358 863 80
462 633 108
28 617 347
453 591 39
381 930 429
700 750 405
292 579 308
442 714 124
611 976 604
557 991 604
670 697 964
125 317 369
17 70 907
510 515 976
383 787 114
186 445 291
713 911 803
298 659 52
595 987 614
119 489 119
541 982 164
87 993 406
220 620 607
187 828 709
77 576 939
8 89 386
292 932 765
410 507 922
208 315 642
117 399 855
80 516 720
515 554 134
332 568 103
313 602 971
18 772 894
814 864 400
66 441 676
124 781 11
196 925 95
236 840 816
58 751 833
334 863 381
315 699 359
461 703 716
172 557 579
124 297 819
285 693 680
768 999 852
197 774 302
292 729 553
612 726 88
63 707 732
373 423 515
526 919 735
157 197 847
69 355 818
987 992 526
660 729 374
165 261 333
95 281 197
392 789 944
389 845 920
411 909 817
624 672 409
469 554 85
237 371 502
274 584 994
695 967 492
168 528 810
8 837 424
483 986 196
88 758 380
744 857 325
176 710 337
12 481 9
16 500 405
642 661 799
349 608 187
542 785 984
63 461 727
38 133 127
661 979 743
721 946 889
761 816 785
190 399 787
563 932 677
31 531 22
126 962 294
14 856 438
95 630 514
812 852 2
41 670 107
79 775 842
51 171 849
911 977 954
54 579 699
73 832 830
809 891 848
147 892 711
539 859 778
166 637 760
320 344 753
693 936 752
360 585 272
967 979 701
163 457 487
310 360 367
103 507 513
167 892 232
80 243 493
613 983 261
480 829 116
392 634 191
798 891 279
30 204 68
33 376 642
30 858 507
328 812 992
76 442 598
627 826 632
258 382 926
335 892 707
375 878 745
34 262 832
583 656 364
933 998 911
161 778 390
17 326 764
112 248 779
70 456 641
130 695 525
617 672 730
657 799 975
160 980 327
343 907 684
446 460 790
521 810 786
23 640 320
82 521 939
195 231 561
620 700 384
148 530 943
73 76 339
738 969 487
630 642 456
96 661 227
151 202 843
26 90 875
136 353 508
212 468 150
431 960 724
198 542 54
14 955 287
456 542 313
105 283 761
644 985 719
208 690 930
150 764 621
464 728 213
126 161 241
196 960 518
348 651 406
204 333 701
518 833 556
65 524 96
48 289 480
285 631 504
125 386 102
694 872 138
143 772 987
20 786 268
646 698 720
169 198 306
299 362 595
819 995 246
10 671 187
209 274 327
214 919 529
96 141 883
138 139 638
513 775 881
91 328 533
320 528 6
121 353 444
124 250 415
180 719 797
344 512 338
309 493 666
241 932 400
20 429 336
3 431 318
900 935 575
133 831 387
392 930 472
290 901 372
807 894 725
156 276 433
414 838 518
229 674 879
146 261 616
370 956 203
680 899 328
555 740 707
166 221 693
26 919 30
581 609 525
121 249 450
14 417 853
416 880 162
257 700 67
478 644 986
826 967 830
542 781 358
389 579 753
374 628 462
32 757 765
508 753 77
269 760 723
32 575 590
185 517 322
295 545 542
442 611 324
133 243 4
523 567 24
561 760 664
376 589 75
211 958 590
86 189 626
824 940 597
81 933 312
142 436 14
18 53 385
168 324 796
376 773 952
222 923 889
244 407 514
248 848 319
248 285 998
467 915 792
284 299 910
123 440 527
325 556 105
457 586 949
223 310 455
44 964 227
250 976 13
49 365 79
88 501 820
87 454 956
1 217 212
532 557 247
555 935 658
368 715 351
347 929 496
79 706 431
171 357 10
418 758 247
887 918 186
728 773 91
32 402 739
143 390 727
147 268 654
40 178 403
258 911 791
485 718 429
108 856 478
63 533 373
246 287 302
360 910 171
307 722 542
215 997 842
22 684 238
37 283 221
922 931 440
192 818 403
157 481 291
428 959 938
358 418 818
31 472 136
161 604 126
272 569 596
215 848 473
518 624 777
116 653 639
834 880 82
466 771 921
506 737 125
505 863 327
288 345 233
219 530 758
697 755 850
517 877 524
530 990 542
560 630 170
493 542 607
65 806 938
110 310 792
142 279 853
71 343 357
152 578 195
221 955 958
217 673 917
389 432 169
240 966 679
232 235 550
358 458 414
254 604 891
404 681 128
505 683 85
476 634 420
685 766 909
338 341 326
319 896 313
376 714 642
177 384 557
124 244 187
415 491 132
572 718 949
401 499 106
510 821 760
260 306 514
244 863 476
235 531 792
395 672 879
395 887 62
373 613 817
253 283 584
653 932 512
501 622 475
75 553 301
485 586 111
35 963 427
731 981 820
74 551 784
149 802 285
590 697 290
95 560 930
443 813 92
8 393 333
372 615 793
196 547 163
181 977 798
520 654 591
23 158 455
120 765 390
744 770 328
49 892 183
374 694 254
556 666 432
55 824 700
289 699 30
415 464 251
91 586 968
497 913 417
226 250 251
688 889 210
47 531 651
211 586 170
160 712 407
177 366 466
360 666 214
225 610 924
623 863 920
76 628 986
495 983 108
100 330 250
62 116 832
64 371 131
482 734 28
283 531 321
69 403 86
569 717 934
217 416 839
825 827 531
496 625 477
705 832 674
58 512 211
688 935 135
357 803 813
426 815 308
12 655 607
514 870 589
658 771 298
362 580 104
899 928 344
701 959 946
81 500 759
493 981 144
464 577 402
356 631 461
247 693 13
748 817 434
30 147 250
288 676 532
181 454 176
339 907 217
58 710 948
4 235 848
463 918 130
374 568 153
68 499 367
144 582 25
105 962 419
949 961 454
56 69 435
147 443 840
419 446 687
58 226 126
41 106 540
599 943 206
499 930 541
67 112 291
875 914 582
164 683 677
143 593 676
457 781 684
278 618 925
210 906 805
614 744 890
206 837 340
67 714 389
711 728 976
358 512 970
36 954 522
715 954 330
331 622 232
439 907 925
23 172 247
460 842 951
600 942 943
698 743 885
529 562 459
531 767 77
362 773 597
308 761 577
237 301 170
97 853 774
367 931 822
498 731 181
143 622 910
246 592 841
212 413 9
182 829 698
201 223 330
837 979 227
258 398 689
574 576 379
5 712 223
137 807 263
136 313 452
75 960 384
263 821 66
195 643 813
34 425 261
325 358 807
91 111 900
275 356 692
244 925 13
373 708 380
807 835 52
139 603 575
140 231 842
661 723 633
774 883 758
222 641 448
467 957 239
582 874 407
32 379 542
401 916 896
751 929 376
206 949 960
722 946 456
149 474 925
283 585 753
443 923 709
489 986 917
237 545 582
368 848 22
94 527 872
516 966 260
376 527 501
656 705 694
163 992 403
31 210 75
181 234 727
308 998 818
184 556 606
313 469 778
280 864 689
872 922 346
279 594 506
375 761 137
173 925 862
301 751 689
147 256 208
913 937 20
36 531 550
27 631 239
76 327 333
259 929 293
938 947 880
241 648 630
353 751 419
137 477 422
321 739 889
287 820 81
400 915 738
477 720 403
813 854 403
225 984 679
48 639 55
196 872 531
13 345 219
15 606 425
219 588 825
590 621 305
203 221 763
424 542 837
4 343 755
280 760 126
334 431 352
158 867 81
237 939 259
328 665 676
57 445 583
242 566 772
276 726 304
478 654 338
483 800 505
528 803 432
46 338 485
122 259 693
426 754 26
258 569 53
328 414 539
274 403 413
24 364 628
80 121 53
535 656 569
427 793 110
742 911 136
36 38 842
642 649 761
112 841 103
295 731 363
540 604 591
206 903 330
163 498 10
65 868 304
63 465 879
412 865 158
472 866 278
739 840 607
116 944 132
209 453 591
232 728 391
301 546 305
358 605 47
380 850 861
113 670 507
424 660 253
555 991 48
333 401 994
209 598 545
253 612 262
76 680 147
97 216 216
218 554 117
460 878 991
373 832 566
656 989 977
182 878 440
512 569 600
132 761 217
556 830 840
26 977 411
906 960 453
484 677 81
344 606 170
418 765 978
329 379 642
457 660 208
521 751 943
225 237 144
319 689 315
106 623 728
156 621 523
696 952 836
54 776 565
163 582 948
610 783 110
665 835 74
43 691 529
263 483 337
585 923 23
288 623 637
418 530 648
134 527 972
405 914 523
113 551 33
116 299 893
940 952 157
21 788 568
982 998 380
161 490 21
334 751 750
200 592 30
509 570 990
537 713 789
370 650 604
701 838 209
178 398 95
123 333 130
434 667 554
671 797 104
371 859 392
112 513 429
510 988 49
97 435 922
426 795 449
462 686 407
407 588 3
429 969 290
69 791 465
582 687 541
125 261 992
876 904 618
92 517 456
155 176 150
510 666 774
97 694 266
168 983 987
49 811 121
268 531 249
542 996 102
361 907 296
509 578 187
772 946 243
23 198 730
232 459 333
748 770 508
325 991 914
532 952 906
19 432 206
258 501 945
719 821 620
778 911 579
589 704 9
51 985 602
100 610 359
553 562 991
307 421 110
312 533 91
819 946 275
137 845 178
559 726 140
62 922 203
211 444 583
907 939 223
362 487 600
640 750 691
125 756 558
515 833 822
54 335 189
95 625 706
406 553 490
601 891 315
445 578 149
400 881 377
2 611 20
804 980 566
407 726 67
146 737 52
497 616 550
741 792 11
280 573 677
187 510 293
939 958 10
68 420 746
80 743 862
732 963 65
937 944 452
129 147 549
518 557 504
601 862 820
263 296 881
598 704 376
13 374 329
161 341 958
570 778 363
256 591 933
130 178 657
522 870 369
407 488 816
923 934 990
356 877 294
313 690 225
154 926 257
150 353 710
76 638 447
400 660 551
293 950 395
864 990 922
846 886 236
186 883 247
61 869 151
298 330 84
500 813 334
290 382 696
534 797 47
270 805 347
125 819 583
606 617 894
359 657 101
221 478 385
369 481 978
61 555 891
560 769 366
133 441 926
104 669 383
892 909 984
736 872 73
458 924 144
3 280 771
8 963 537
563 880 445
124 311 893
235 988 973
553 572 994
130 320 753
601 988 341
222 532 289
372 517 313
120 470 528
138 221 439
37 867 919
710 784 196
141 523 638
628 972 461
493 866 235
152 902 713
311 449 668
49 180 602
693 707 347
253 513 129
489 624 300
533 874 574
113 780 574
354 654 572
479 670 94
133 983 963
557 938 700
852 974 15
155 406 456
321 351 958
583 942 424
79 805 361
215 240 5
793 877 68
38 860 238
46 94 137
313 742 412
171 374 798
815 961 484
462 523 532
328 906 207
28 756 654
505 641 26
219 587 592
400 883 916
771 772 196
244 941 62
405 953 514
63 189 367
155 180 535
431 500 809
549 561 61
604 887 595
154 618 207
648 995 594
494 588 340
173 296 958
156 480 824
341 940 706
752 845 479
568 586 89
436 603 529
110 566 62
145 850 147
38 964 405
857 899 101
723 836 929
577 887 59
115 308 670
156 279 836
680 972 797
124 726 180
571 807 413
681 817 814
258 473 100
186 971 295
136 219 154
300 828 801
280 738 552
248 297 740
205 580 434
233 355 153
644 968 729
350 852 476
80 360 296
480 525 192
337 449 584
160 907 935
107 148 455
197 853 227
215 538 688
418 898 771
86 887 771
276 292 898
314 396 408
560 935 748
776 868 291
528 875 567
163 927 669
162 415 587
533 892 559
6 546 516
350 573 711
166 670 505
99 808 307
23 686 830
596 907 687
178 754 82
268 701 396
348 485 238
77 225 111
3 706 554
426 862 122
346 898 334
410 704 251
639 846 440
822 879 994
332 729 200
568 943 471
522 791 325
176 752 108
277 554 134
638 732 258
462 660 130
176 269 649
413 997 997
512 973 267
215 531 927
164 220 262
2 275 374
19 691 107
349 691 407
629 694 141
613 684 97
580 836 25
545 836 73
433 738 629
146 316 38
324 594 210
244 740 149
43 76 325
575 831 191
138 808 652
88 595 892
661 802 876
94 980 154
352 525 580
54 721 393
727 757 382
448 583 96
68 995 747
549 769 595
608 867 187
330 643 917
457 793 578
958 972 742
77 474 412
292 430 847
851 947 223
46 293 771
488 929 888
231 859 455
180 799 663
109 229 995
273 308 31
593 867 460
23 497 314
722 828 11
629 673 602
240 524 519
252 503 986
658 929 540
64 970 560
475 641 902
705 919 568
248 869 659
247 445 55
765 875 12
287 763 264
2 451 738
55 335 24
572 603 736
117 977 785
170 723 719
264 901 8
85 760 27
213 494 299
859 993 716
607 855 399
471 842 108
346 769 410
261 658 757
459 762 206
372 608 979
85 617 747
558 602 374
337 772 98
537 616 419
94 306 545
152 308 582
815 827 103
11 459 950
324 530 190
92 823 809
481 979 650
73 790 927
26 1000 756
151 309 593
174 722 83
63 439 221
926 997 30
193 743 642
531 764 352
102 469 238
255 927 703
400 967 893
396 622 35
5 627 550
45 536 161
419 543 453
154 695 409
470 656 886
74 559 566
662 745 125
404 774 95
526 868 566
480 553 506
271 881 208
50 65 485
911 923 1
143 269 133
291 396 986
130 636 994
423 431 477
47 682 886
357 583 8
360 627 608
350 730 737
20 928 29
1 103 914
555 568 747
294 369 701
422 442 246
133 610 914
299 461 307
28 703 145
86 440 518
552 990 357
183 989 675
350 509 687
176 346 601
910 981 258
605 633 76
380 391 643
447 782 197
114 343 403
440 656 78
237 865 886
263 844 955
106 109 394
732 896 526
841 918 956
566 912 978
364 915 381
201 311 177
204 753 589
423 522 1000
563 906 235
322 868 393
234 642 646
71 89 644
679 864 930
576 602 80
3 662 715
725 841 971
8 321 172
48 615 191
245 983 64
446 584 686
13 720 373
898 964 542
329 350 170
535 847 562
238 750 80
62 440 150
750 959 377
614 787 277
196 327 788
896 960 778
133 756 718
863 900 827
169 247 326
558 952 429
807 967 816
946 976 749
246 482 461
587 751 632
399 531 483
715 946 182
32 140 142
809 865 82
861 911 557
247 863 361
761 813 710
287 744 484
534 910 48
77 294 505
259 415 304
188 641 224
284 397 371
205 703 894
505 712 398
514 667 602
234 796 885
473 508 640
163 965 258
275 767 377
330 421 60
759 959 487
48 387 205
297 684 164
293 973 766
859 973 739
87 980 963
522 798 690
539 971 910
520 732 92
575 611 947
637 645 701
357 488 682
272 842 72
241 764 894
789 859 553
224 345 743
386 405 550
78 402 69
617 873 369
742 917 287
563 591 609
868 876 710
20 978 779
168 709 597
117 376 955
64 289 888
49 1000 923
178 643 707
16 68 342
144 393 111
489 726 783
467 973 969
352 551 530
243 955 565
888 985 312
206 812 57
136 147 94
7 197 937
269 575 527
125 605 179
186 280 839
385 952 977
333 546 240
82 665 108
545 717 534
712 811 82
114 253 941
382 669 776
23 839 483
404 604 947
438 780 894
611 732 166
589 619 507
84 625 328
325 995 948
327 771 520
715 746 159
184 477 80
331 350 844
204 928 77
206 467 479
794 946 30
595 666 983
76 335 843
558 610 166
387 548 463
300 694 345
64 796 596
174 875 243
359 974 656
29 431 551
930 937 514
308 440 706
366 516 792
310 785 140
191 461 282
356 985 400
911 964 278
127 451 362
110 521 852
630 821 654
452 713 726
498 621 562
525 687 583
744 877 698
52 255 397
715 739 407
183 905 507
277 649 703
564 652 95
613 954 540
315 875 713
245 368 207
7 625 912
109 556 402
267 370 814
175 613 325
178 267 881
179 542 779
382 614 683
326 915 118
241 456 633
534 770 331
539 660 369
651 927 740
714 722 285
234 920 171
550 898 307
772 953 508
187 830 773
794 941 304
461 817 864
129 617 34
654 668 676
489 667 492
53 928 239
457 930 206
683 866 410
831 901 30
227 446 553
524 932 286
545 773 193
675 850 629
323 969 37
163 784 489
257 459 374
300 866 689
304 720 979
156 785 292
359 879 618
178 249 381
250 986 855
287 691 289
181 791 195
75 835 603
564 782 647
313 826 297
166 715 663
778 788 671
230 557 525
229 571 766
307 746 203
13 715 962
291 955 949
143 954 80
57 471 427
256 737 252
114 365 591
232 606 457
365 424 968
763 978 14
468 852 779
5 16 13
508 767 843
182 974 698
146 743 456
220 532 703
223 792 52
205 317 722
297 511 22
474 899 542
504 544 205
73 577 263
180 589 216
345 381 606
258 575 973
406 972 982
284 547 266
4 308 51
406 959 729
123 978 502
338 490 793
126 220 68
286 897 186
587 779 958
53 342 558
660 738 240
735 805 807
245 939 359
666 732 739
151 404 343
28 525 109
119 366 965
232 904 763
194 835 87
398 558 125
565 880 405
602 816 497
734 857 830
127 576 940
440 522 826
339 792 858
81 872 594
745 952 992
533 928 90
357 409 227
413 766 432
761 822 200
251 306 382
201 713 793
309 360 151
493 507 554
458 559 702
354 835 578
904 914 137
707 861 699
316 737 992
873 952 883
372 560 555
382 923 301
435 671 325
437 890 299
313 836 112
737 885 150
206 787 215
192 590 828
11 291 844
612 676 186
253 268 77
474 542 408
1 134 546
440 930 594
351 533 687
155 483 260
156 403 777
654 881 93
752 848 773
161 694 196
595 838 850
842 906 612
627 999 40
332 551 997
169 195 581
443 556 361
354 532 557
544 588 170
515 832 184
871 894 160
89 591 377
36 693 888
290 728 575
646 848 996
223 362 713
406 990 506
189 454 307
227 290 392
446 578 890
149 969 751
620 768 597
747 904 100
161 365 528
507 530 901
26 356 119
753 798 255
691 818 20
42 56 377
764 766 992
910 916 666
490 594 221
474 537 610
435 789 712
662 675 895
58 472 82
187 858 10
441 907 798
210 239 774
165 866 241
138 173 475
446 866 91
530 731 671
654 888 377
89 108 648
324 560 326
552 938 445
302 954 551
21 69 274
385 604 542
264 598 686
150 988 537
762 845 355
597 711 520
304 434 19
14 529 469
38 648 179
423 454 460
44 428 94
407 738 231
66 265 347
639 859 446
18 790 664
161 937 256
38 539 714
113 432 295
132 596 736
459 652 75
80 370 265
756 861 456
140 289 182
180 376 590
396 781 166
550 783 925
697 952 769
78 833 104
367 705 550
794 904 410
281 379 475
46 821 124
543 549 270
323 336 830
344 438 483
175 586 113
571 969 932
272 461 969
76 707 339
674 946 443
201 515 716
581 902 826
177 779 388
508 713 122
74 172 985
384 497 982
330 405 545
26 46 485
411 834 96
11 249 547
452 896 193
346 821 309
26 358 595
256 597 535
166 838 115
703 772 824
125 436 451
100 303 858
363 897 601
394 751 972
750 812 5
876 996 982
311 558 463
236 867 463
718 853 717
4 946 569
684 797 312
8 720 422
45 725 657
119 935 936
701 988 658
484 989 913
128 687 340
37 305 519
75 578 550
85 779 160
173 742 22
941 945 325
709 948 204
430 661 375
197 630 141
805 828 242
81 473 11
623 649 943
591 657 384
278 355 458
392 963 474
373 943 700
82 899 79
211 499 246
198 513 145
919 985 196
880 962 91
420 539 869
679 932 628
99 521 624
225 710 39
745 881 263
184 774 664
233 248 907
108 227 160
236 296 841
592 646 828
20 247 932
420 770 931
224 538 510
153 479 183
496 861 297
48 712 451
516 999 932
432 631 183
569 633 115
415 492 994
823 942 945
274 924 442
257 957 355
481 765 180
300 489 127
665 783 200
16 107 983
178 606 724
384 463 557
93 115 80
294 943 28
480 685 88
149 493 573
31 598 499
607 638 563
459 473 512
439 583 628
372 983 843
375 837 614
108 218 606
454 490 870
849 980 169
331 637 399
542 755 205
371 674 512
445 631 130
230 824 288
179 897 294
689 843 975
272 903 715
682 898 498
131 367 587
189 967 806
426 523 560
206 528 389
250 502 95
144 994 266
15 42 426
404 526 113
420 698 725
37 436 981
223 760 341
890 992 296
119 972 770
199 624 348
178 628 962
106 233 117
397 779 813
327 405 15
440 604 541
594 761 729
946 973 379
439 604 596
99 567 613
383 518 807
64 850 828
377 748 960
391 729 965
250 712 592
417 840 183
126 426 925
16 725 897
1 521 126
517 955 380
722 820 814
83 958 456
601 714 447
263 547 567
582 775 367
35 374 905
236 310 876
25 672 809
539 559 95
260 717 765
245 415 945
121 796 966
503 961 879
396 445 14
179 567 802
94 967 874
221 709 576
494 843 341
79 731 797
634 788 205
374 493 229
506 951 293
307 698 651
587 649 961
18 849 629
666 808 151
8 184 194
61 237 820
503 696 35
179 427 330
253 315 967
175 380 493
274 630 459
739 748 930
132 454 729
242 505 152
80 809 144
119 342 839
104 576 917
121 921 166
621 752 501
231 729 73
108 965 936
838 893 189
270 442 946
42 471 157
650 768 172
282 396 880
157 379 848
766 859 669
340 378 310
108 596 399
342 535 704
76 928 705
517 838 412
441 659 525
471 518 131
248 943 741
177 758 244
605 909 174
51 823 423
143 595 302
511 561 5
171 525 692
23 996 955
483 783 931
818 995 93
361 596 833
322 754 945
270 599 316
176 311 938
71 993 258
42 254 704
421 750 962
577 947 230
172 958 679
980 997 469
188 417 783
52 228 5
257 802 562
98 147 544
355 877 818
896 973 398
873 1000 914
675 769 610
193 920 115
469 867 207
147 353 991
411 799 806
262 460 923
46 471 120
67 123 649
214 510 688
490 799 26
181 862 321
108 175 978
346 795 551
277 923 726
175 720 834
499 602 182
318 815 250
154 892 38
66 289 596
410 863 228
712 830 12
231 894 43
72 221 572
387 544 892
184 662 362
189 208 865
388 438 985
686 715 571
67 783 174
415 626 764
143 212 483
625 637 118
185 787 861
754 859 463
361 457 834
445 780 25
468 595 947
450 623 317
740 752 429
221 720 904
522 527 974
26 885 934
725 890 365
154 212 432
155 206 424
102 134 546
618 935 621
472 720 65
379 447 521
503 605 901
359 450 248
48 275 44
560 588 149
698 719 644
271 923 57
109 524 542
437 634 884
857 948 56
498 632 804
120 795 332
683 757 537
554 748 109
159 500 590
397 476 999
113 972 252
556 842 745
443 610 540
830 882 928
152 885 410
675 783 384
236 540 612
659 764 185
140 992 118
79 703 355
224 774 27
101 622 883
768 828 988
12 734 968
90 832 69
74 155 580
328 667 808
75 409 214
202 361 411
683 685 627
26 751 279
617 704 733
85 986 196
800 986 403
505 511 881
436 628 793
165 819 181
433 506 567
92 804 60
522 699 717
157 448 91
579 934 692
253 729 324
49 346 862
784 915 379
582 858 82
108 502 745
399 986 13
128 220 404
99 756 744
661 852 635
152 647 11
412 994 685
232 843 949
263 653 748
470 782 813
236 543 192
440 792 779
55 672 871
256 938 246
518 982 970
208 878 977
282 749 928
338 510 297
350 508 327
447 639 317
672 919 831
431 460 286
586 702 76
291 451 872
275 381 315
152 496 705
150 847 289
120 698 718
525 785 140
659 681 158
121 135 812
59 988 474
336 882 172
243 789 639
233 240 80
708 892 320
357 362 307
322 412 546
341 416 129
254 404 585
71 582 247
245 795 148
536 634 460
3 318 842
24 484 276
700 765 139
320 727 549
636 955 879
69 470 600
674 728 152
89 296 964
126 210 721
550 560 665
717 843 269
547 769 526
333 578 993
597 755 283
112 646 956
432 968 815
395 714 436
148 778 247
132 537 902
578 633 200
480 964 953
173 457 745
51 879 774
56 787 88
735 839 265
334 819 889
647 966 229
120 816 424
304 834 561
128 613 370
164 470 862
419 509 201
258 468 366
411 914 775
284 549 707
359 878 911
817 939 330
288 847 712
143 987 228
127 868 824
44 956 751
737 824 595
117 904 619
902 990 97
242 332 24
156 836 256
598 807 508
413 525 609
376 928 856
93 378 29
293 477 139
296 463 882
519 713 609
439 644 163
446 846 733
305 842 967
754 971 721
80 160 957
79 936 373
267 274 491
68 705 762
17 593 56
323 691 858
109 822 97
219 343 643
537 720 12
790 858 554
701 861 704
371 989 116
231 624 423
192 371 334
530 964 420
529 852 262
195 789 915
180 645 918
515 818 763
373 431 517
94 927 178
184 919 795
117 241 602
169 498 40
207 334 509
64 701 506
29 784 338
485 649 253
16 645 875
73 417 669
472 556 672
385 663 715
459 617 737
104 521 816
818 944 462
37 284 121
240 664 622
115 139 411
151 857 525
54 794 167
66 883 249
196 806 846
326 543 180
327 998 823
290 734 724
566 755 283
665 868 420
204 989 644
99 338 196
27 68 732
561 633 171
340 879 408
107 940 698
287 990 541
350 865 675
350 442 947
338 921 369
136 769 261
653 921 262
178 617 119
80 283 987
72 340 994
1 722 780
435 783 778
631 757 883
132 953 722
167 490 914
479 985 846
251 349 81
734 833 875
121 380 292
755 819 752
39 684 693
760 858 96
528 691 783
478 694 226
286 636 534
158 433 346
146 618 861
159 664 179
19 448 424
629 903 425
244 561 92
314 333 357
776 943 572
194 944 299
583 757 576
265 468 84
2 405 319
422 640 44
142 469 904
5 526 859
262 404 283
496 864 440
47 840 401
705 817 295
711 778 270
654 718 135
362 928 772
342 705 864
809 970 83
517 605 273
374 873 811
59 477 112
810 968 938
315 506 319
651 779 297
447 850 145
48 873 795
69 657 192
88 379 585
605 895 19
90 99 258
112 153 117
131 969 503
25 334 287
6 792 891
35 972 297
168 732 205
134 638 230
34 890 833
241 968 118
94 143 3
370 684 152
4 147 256
282 672 33
282 470 449
412 744 66
86 499 714
531 943 393
223 955 625
170 509 664
480 520 151
445 762 151
134 933 340
429 502 964
87 927 120
594 677 251
369 670 692
99 619 699
743 889 792
504 629 539
235 854 610
415 930 776
716 746 853
860 967 717
94 658 74
813 850 681
849 881 627
188 376 626
351 683 319
103 522 716
559 973 272
564 857 82
801 986 246
34 200 287
823 968 791
312 580 899
732 904 103
10 987 498
63 855 977
376 993 849
466 531 699
503 550 531
345 931 24
343 760 997
107 915 624
200 271 162
639 759 761
203 231 263
614 712 550
317 369 735
563 772 547
284 695 716
85 151 412
329 416 481
199 538 523
128 427 490
476 788 317
250 521 109
349 867 995
723 832 660
26 144 192
462 514 18
156 531 624
198 297 7
553 891 354
484 492 259
352 921 885
816 902 565
280 539 523
99 737 927
8 245 651
504 580 702
12 447 880
202 219 279
330 413 354
576 1000 318
629 914 185
254 265 901
25 828 324
9 90 227
84 183 531
263 725 422
103 591 587
126 227 873
533 929 462
124 608 345
520 564 991
540 821 348
44 306 709
135 574 686
889 891 450
183 213 79
103 732 825
53 666 139
568 747 82
86 686 693
315 336 3
274 522 454
3 994 495
78 426 774
687 695 135
46 222 239
708 744 244
271 618 571
706 772 720
559 926 2
43 78 30
101 758 521
669 761 866
102 858 402
50 363 636
32 226 480
17 559 233
453 516 29
100 939 137
204 992 258
557 601 417
687 917 928
395 573 737
33 274 515
589 754 321
366 597 21
149 518 141
481 589 104
278 799 903
119 466 154
45 459 86
467 616 106
306 761 907
441 858 511
111 190 416
439 776 954
371 677 176
248 889 10
561 949 861
691 834 170
217 887 201
46 847 466
430 565 518
91 745 303
402 843 308
475 643 786
168 175 215
421 579 851
14 387 232
812 847 47
46 80 884
598 653 519
124 816 378
308 968 785
182 815 191
2 10 445
248 930 198
48 590 401
485 631 1
198 943 939
170 708 806
93 438 732
832 884 840
101 465 440
172 647 431
304 616 24
213 904 795
676 941 198
533 804 930
60 756 829
241 726 373
593 858 402
336 750 793
10 726 647
7 904 839
92 485 463
128 303 663
37 299 836
276 418 428
352 467 394
390 533 195
190 758 929
212 394 407
361 816 5
191 957 133
175 1000 902
128 548 530
536 640 456
208 908 559
100 711 671
603 923 989
677 971 112
515 778 10
23 881 71
709 788 386
477 544 124
632 739 7
11 146 520
176 255 279
391 721 81
33 618 913
15 208 261
54 309 890
147 840 844
3 79 584
59 954 446
260 550 756
134 563 424
103 856 28
327 356 620
453 953 949
184 451 844
129 531 759
24 386 528
193 599 951
178 801 118
68 512 233
35 520 766
384 883 412
54 226 306
57 318 721
19 499 258
324 826 601
520 577 547
5 113 966
209 478 331
317 661 68
51 792 961
81 938 496
90 709 403
234 494 906
14 879 194
272 719 184
75 501 548
521 600 963
369 731 418
80 333 667
393 538 555
383 462 719
593 641 422
723 869 116
194 726 920
376 813 508
376 738 609
638 734 763
53 826 473
552 720 924
453 930 563
39 41 589
527 670 946
678 704 325
218 745 939
718 998 188
40 777 177
248 951 442
449 573 628
446 985 51
181 857 911
312 936 896
757 762 515
538 545 246
150 374 674
608 653 66
706 757 837
232 629 191
149 614 693
168 252 988
258 792 112
174 998 328
227 388 663
744 890 101
43 658 697
563 584 746
308 824 414
516 818 872
367 543 304
524 984 634
157 769 809
249 864 928
380 692 3
412 673 593
801 905 988
253 483 133
608 681 474
186 428 133
169 428 683
725 869 896
296 512 489
411 820 497
506 961 571
289 634 529
10 90 851
143 928 373
422 617 338
186 226 974
370 583 629
518 884 610
598 701 353
109 112 692
136 532 133
770 849 50
131 290 282
403 713 710
8 55 196
100 901 831
34 411 446
66 734 812
231 711 650
513 879 141
163 296 974
381 609 18
185 462 771
352 586 403
367 946 847
437 449 756
635 834 245
29 666 122
620 808 476
620 757 681
472 926 482
215 766 283
1 835 418
94 501 279
59 248 732
260 431 189
192 580 381
447 625 105
86 708 101
719 983 644
126 639 283
273 429 621
555 888 343
510 612 109
350 786 92
189 709 312
228 608 613
816 945 34
393 960 777
555 582 55
507 789 208
1 621 883
369 449 367
261 947 309
27 202 920
138 673 539
341 422 220
326 442 218
751 944 555
482 693 130
365 811 151
702 731 952
498 727 551
152 648 676
378 529 250
393 751 282
801 923 628
609 645 30
331 884 929
813 989 539
150 733 427
27 351 378
364 380 803
245 849 991
309 633 360
238 831 629
259 726 391
151 988 921
40 805 363
246 913 285
599 616 71
619 803 217
452 666 677
688 768 884
91 228 459
570 708 977
664 919 733
450 865 910
187 509 526
8 37 226
255 910 989
255 978 930
403 906 635
348 553 968
441 838 690
80 599 944
208 540 170
192 358 382
232 691 96
17 58 516
598 639 913
455 744 214
383 799 901
265 417 583
25 394 844
351 939 849
10 478 922
653 877 620
191 818 786
569 973 205
76 261 543
56 554 414
111 129 446
630 915 664
424 670 422
797 855 502
173 893 711
155 286 744
673 810 464
320 581 642
244 415 8
179 404 136
911 975 830
53 499 715
127 604 134
19 319 818
807 814 614
116 596 330
226 604 242
27 216 647
139 770 832
12 486 479
51 206 872
357 876 687
824 946 619
682 859 686
40 402 398
629 939 460
81 336 683
514 586 47
321 852 139
587 714 629
201 686 886
54 216 382
721 957 134
454 919 952
207 789 334
152 517 464
673 946 19
448 518 840
105 747 500
134 645 814
314 882 90
150 647 15
19 650 211
157 859 687
170 994 708
765 968 973
513 986 942
626 837 917
572 822 664
497 628 707
944 946 580
338 710 206
64 455 125
345 648 879
102 332 528
251 834 633
54 405 431
335 569 684
481 894 722
450 926 156
158 471 337
126 221 526
678 798 733
182 339 966
748 836 872
258 940 279
133 704 30
725 806 543
526 866 967
47 496 687
33 468 741
372 877 479
128 448 270
612 680 595
261 721 380
192 760 734
46 365 319
158 875 944
658 838 583
626 892 779
108 992 990
419 848 933
171 179 175
338 705 54
83 437 830
546 807 577
374 702 972
88 285 506
235 843 912
434 825 352
755 986 151
487 929 254
442 739 976
328 353 810
735 920 459
674 738 343
255 606 201
327 445 317
37 637 902
663 719 297
698 751 614
117 468 587
65 643 91
248 413 35
154 756 111
140 301 25
142 569 260
237 901 869
182 197 479
134 386 209
666 872 612
349 684 213
645 792 117
339 490 912
171 989 586
508 838 990
237 790 604
107 608 270
535 606 663
94 250 811
168 514 998
133 809 209
321 347 226
583 615 733
276 529 567
175 961 559
401 856 944
642 822 349
592 629 90
457 548 788
424 604 744
278 300 810
690 873 157
258 330 499
546 657 446
105 250 922
4 810 68
154 982 323
125 530 578
381 648 857
883 925 71
789 950 912
667 979 35
248 420 640
561 706 878
464 720 975
13 656 492
234 545 283
417 573 851
163 615 275
80 268 727
192 298 893
551 747 459
672 826 347
452 794 985
200 480 334
307 379 779
526 857 436
276 829 220
294 811 857
553 939 106
135 447 231
5 209 740
124 813 572
149 866 501
4 576 880
298 470 347
132 711 827
478 544 960
210 962 555
391 870 720
360 416 629
180 567 904
15 650 777
245 989 675
73 541 271
507 577 287
791 943 107
830 915 632
138 540 60
431 954 725
89 202 806
75 382 698
340 953 75
81 395 320
501 770 251
620 767 231
430 545 6
126 287 892
553 881 902
271 393 399
642 974 862
644 738 245
556 892 377
6 784 466
834 890 322
195 300 407
109 1000 636
90 929 998
664 699 660
111 585 940
607 944 346
556 975 218
150 238 606
172 370 999
392 531 827
45 327 299
46 431 771
338 631 539
216 428 217
750 835 103
253 889 816
306 821 744
401 731 71
91 933 686
21 302 45
502 944 906
886 953 793
331 889 500
337 454 955
63 167 803
572 802 788
451 759 702
108 281 167
321 365 18
220 578 811
386 525 826
276 796 562
403 844 795
652 995 241
246 966 4
448 744 451
677 776 35
806 979 53
109 129 594
165 714 458
259 995 385
26 599 757
152 774 995
467 772 184
488 852 995
129 252 372
898 994 141
298 733 676
457 792 219
619 973 980
48 561 52
612 852 2
235 267 65
456 567 443
72 427 236
113 416 119
6 358 814
387 427 667
254 620 396
262 963 272
45 465 456
122 478 619
162 290 550
308 370 750
108 488 14
572 889 783
4 107 195
403 853 32
8 729 690
47 258 693
235 671 361
396 583 352
328 448 690
570 835 784
91 659 797
611 927 30
351 374 26
461 935 578
407 666 873
746 762 673
374 555 6
51 919 350
250 493 24
843 865 441
720 977 173
827 855 914
40 355 82
21 463 340
764 951 63
124 937 831
216 442 671
16 311 34
141 475 948
362 719 659
218 328 402
257 451 481
77 477 640
24 663 610
487 678 731
405 977 623
389 444 986
332 659 4
174 349 291
710 883 512
362 901 303
876 980 468
608 981 148
60 763 492
809 820 312
334 486 993
188 220 326
118 336 646
156 610 46
518 830 591
87 160 15
676 822 652
454 749 46
241 685 165
38 433 611
591 752 89
775 962 137
743 756 604
34 973 906
698 774 837
50 355 289
379 571 705
656 799 512
417 663 184
52 757 143
164 850 199
105 303 952
55 823 856
477 864 633
53 223 948
300 369 788
356 675 846
188 506 977
72 646 552
270 553 853
588 886 820
242 928 644
64 852 714
393 930 359
12 327 70
384 548 579
270 871 895
112 278 645
769 912 273
721 821 894
393 454 502
584 943 242
513 770 396
32 433 405
181 948 250
522 886 345
662 823 887
225 944 499
789 955 20
229 920 940
395 733 51
506 767 996
213 745 774
567 974 762
211 282 387
736 903 922
94 965 164
592 916 954
115 490 169
501 973 505
135 866 796
389 675 693
102 147 725
48 550 745
341 628 515
140 948 744
343 848 124
321 745 946
160 598 293
646 959 102
208 796 565
597 905 774
208 432 191
249 686 293
250 292 315
709 773 387
253 579 10
622 899 111
143 965 206
899 932 28
115 213 622
6 868 961
480 923 499
615 789 914
165 361 433
266 676 138
690 761 451
545 663 673
213 214 207
15 990 106
269 815 60
606 1000 986
34 868 103
222 977 427
484 834 449
639 926 763
231 925 101
72 399 961
913 985 837
164 285 159
411 608 859
662 953 691
20 492 379
315 757 366
110 590 483
197 339 423
324 365 386
120 321 525
10 387 76
781 917 583
618 962 405
512 577 201
696 798 569
240 713 401
845 963 633
242 664 186
794 858 620
458 629 165
392 735 582
120 196 295
307 931 309
842 960 788
402 949 135
25 682 709
504 616 328
603 891 970
50 857 866
231 545 287
127 270 279
384 429 464
85 916 68
661 936 615
42 530 447
540 738 586
142 528 780
890 958 222
135 508 541
27 587 740
251 648 251
547 935 358
270 969 689
703 945 52
396 841 276
217 378 547
792 936 228
522 804 76
209 615 386
600 795 88
831 841 343
641 945 296
660 682 180
266 686 610
59 260 815
54 669 542
422 941 795
775 913 297
101 641 91
117 883 220
75 203 844
666 986 272
114 559 716
408 966 890
760 923 656
444 457 668
462 920 520
322 544 851
378 581 259
949 991 289
271 711 775
471 602 744
883 941 91
240 921 4
440 688 967
811 978 711
149 295 239
745 972 425
173 587 796
105 187 98
89 145 167
167 632 677
422 704 82
498 999 262
489 677 655
589 980 718
413 539 758
165 253 675
220 563 309
222 827 756
227 396 614
279 735 676
780 864 284
263 322 784
179 996 154
299 835 622
59 138 313
152 205 323
336 346 480
462 995 914
11 178 747
858 902 782
239 397 418
256 981 237
24 494 732
577 634 344
154 662 821
564 641 418
16 768 653
102 453 884
314 464 121
352 928 399
44 252 358
11 518 246
