1000
583 835 597
594 960 143
77 324 62
369 779 6
55 893 265
243 782 591
266 302 703
585 894 748
15 562 321
31 890 506
128 222 369
440 736 812
635 731 804
45 940 79
445 455 526
525 557 799
620 800 300
142 996 624
507 626 106
1 859 196
106 981 307
203 214 429
226 685 853
530 794 352
843 947 270
373 464 328
286 868 332
360 955 535
641 875 451
714 867 104
876 918 814
255 522 921
531 725 930
455 643 836
166 498 203
779 933 91
118 987 777
601 645 966
29 948 259
452 667 865
144 220 71
372 901 624
442 868 956
441 980 934
650 858 995
430 575 185
279 749 855
467 852 506
102 721 283
194 701 848
345 701 695
694 825 764
788 972 94
147 733 734
350 995 687
120 922 230
121 327 352
726 819 727
620 799 114
428 900 508
643 838 363
183 588 124
565 906 274
2 549 155
521 531 388
423 962 959
634 655 54
905 941 327
32 469 615
217 612 193
796 978 698
275 681 379
73 968 907
348 872 799
11 682 680
96 423 205
296 596 665
333 977 355
574 676 608
561 867 606
46 203 479
84 531 627
431 521 283
77 450 197
234 911 369
723 777 668
597 800 424
19 681 969
672 729 336
361 885 19
87 663 801
73 663 41
494 655 171
123 605 114
98 802 283
331 900 93
72 740 489
69 477 273
30 877 749
149 498 536
731 992 339
256 629 815
960 985 515
176 802 553
105 151 250
640 747 395
56 482 104
366 533 691
919 972 12
574 932 51
560 952 679
588 682 447
542 632 736
281 540 78
32 571 398
13 972 683
52 918 556
92 843 234
189 576 166
298 498 201
156 271 26
446 650 613
50 156 792
171 703 972
65 390 844
823 998 901
477 891 667
572 678 6
41 44 378
280 467 508
689 819 390
447 466 48
248 845 571
21 40 41
18 772 234
257 708 236
612 730 585
22 393 99
118 250 461
78 655 18
230 341 712
800 905 46
265 933 91
530 853 817
417 449 148
297 851 710
646 903 265
100 978 854
107 897 554
265 822 368
103 327 626
303 714 291
550 770 58
461 672 801
308 351 924
8 881 664
389 962 512
360 590 174
324 391 735
18 521 583
38 669 840
61 185 410
833 936 579
4 175 510
705 763 568
427 918 243
379 497 394
396 907 383
521 837 461
290 591 92
498 931 323
536 779 969
202 886 799
96 477 178
12 727 168
558 637 155
374 755 105
337 616 933
600 861 769
482 873 525
12 763 744
111 736 967
384 882 224
249 825 942
810 975 688
117 521 383
66 364 685
340 485 769
50 584 22
569 968 780
487 541 1
71 72 382
381 421 374
136 505 287
442 888 573
538 981 683
189 594 10
562 969 247
83 518 750
337 839 248
671 708 855
158 553 91
178 782 801
340 769 269
643 789 998
309 382 687
148 970 811
220 303 69
366 442 446
277 565 732
316 603 282
10 983 596
119 603 377
144 785 629
94 448 615
648 844 31
792 881 355
406 497 37
597 994 16
209 993 96
121 460 513
690 922 178
438 923 914
816 937 520
400 655 364
874 912 928
115 695 204
8 164 12
153 918 523
356 399 499
172 419 348
799 956 46
20 178 604
70 744 304
440 539 165
226 938 462
351 684 17
299 503 799
579 626 920
47 637 656
410 587 879
210 685 953
160 260 148
14 532 595
71 214 518
346 902 363
37 66 810
475 726 97
701 870 873
562 854 162
445 509 281
267 392 660
175 515 717
547 554 229
578 690 48
91 998 478
667 939 449
26 225 586
338 466 375
563 746 773
124 524 678
85 456 916
128 470 583
440 488 359
222 864 547
346 472 575
740 997 32
124 654 495
618 691 751
698 821 968
360 532 557
454 761 637
53 479 257
55 463 579
457 580 950
403 512 519
178 410 503
282 616 863
711 980 63
123 279 291
472 936 467
879 951 624
438 827 331
232 805 205
187 562 782
337 706 583
11 823 423
254 778 320
312 694 278
182 316 47
860 863 553
166 837 864
555 792 257
762 854 158
28 795 679
250 698 996
698 854 11
99 450 362
26 360 461
810 952 289
44 639 105
617 670 653
176 527 334
817 986 606
72 624 119
658 939 366
418 580 304
844 898 112
496 528 698
133 522 296
43 75 43
119 689 438
157 809 543
51 913 888
288 780 331
207 581 150
101 897 777
120 384 954
38 270 30
461 922 427
516 563 37
4 965 393
232 532 536
672 977 174
267 986 579
125 685 950
474 753 646
123 511 183
56 221 923
440 502 539
130 618 825
88 139 546
405 568 642
449 466 443
784 837 535
142 645 910
705 885 851
71 966 369
352 914 979
773 824 537
353 463 685
208 598 708
870 953 526
301 957 797
213 368 110
250 935 234
51 762 440
383 833 638
3 376 113
423 494 465
427 446 152
174 220 440
358 803 733
464 596 67
179 603 662
515 798 472
241 834 908
19 591 963
77 103 401
332 804 78
562 978 114
106 931 908
180 336 513
163 514 396
239 653 604
510 687 365
96 916 222
540 957 704
388 434 816
635 981 365
502 591 912
543 751 985
319 602 38
105 842 680
1 378 521
107 602 19
88 671 213
613 776 956
75 629 611
95 163 979
540 615 986
297 902 786
615 887 508
269 445 531
46 523 658
10 479 537
602 846 971
768 821 225
566 888 527
881 924 87
279 947 525
312 497 159
20 930 47
97 987 577
633 761 151
315 742 539
320 625 915
589 815 386
79 136 520
178 627 399
660 818 870
253 334 870
532 687 953
40 592 517
481 546 477
3 423 198
37 981 691
233 239 899
696 710 535
434 997 219
469 951 677
237 284 626
845 976 965
241 287 224
495 764 281
304 704 647
465 569 589
322 878 844
17 465 614
400 940 149
202 488 881
497 563 566
24 445 162
394 737 570
101 742 493
887 971 697
563 817 349
675 788 336
175 447 433
31 719 39
348 596 868
370 625 218
114 914 29
5 705 288
504 970 57
138 548 683
286 475 493
567 894 931
272 714 716
663 735 233
771 877 953
338 868 758
411 621 732
28 834 65
218 542 206
531 652 279
629 986 459
488 723 47
274 424 364
367 389 694
316 851 255
394 785 758
126 878 487
197 966 211
56 219 242
143 885 697
487 942 539
443 458 431
264 808 967
164 226 467
748 752 421
674 783 783
654 980 15
694 714 165
127 256 849
346 876 761
22 916 706
403 914 367
44 385 435
194 424 160
430 441 878
527 853 173
110 315 578
590 652 490
242 518 356
224 586 5
443 830 36
482 495 645
146 666 697
105 184 94
51 382 257
108 194 69
399 534 162
554 932 101
497 604 296
3 525 960
225 848 970
355 769 213
27 812 639
147 966 926
339 421 12
57 320 535
839 965 409
642 697 703
274 306 917
183 364 190
749 898 500
834 871 749
299 454 383
709 926 685
221 358 903
235 350 248
700 778 281
241 544 142
597 612 621
452 524 816
433 925 865
363 536 843
416 542 167
71 937 119
353 888 351
797 967 227
335 824 76
191 466 552
138 554 585
529 925 846
159 238 944
50 962 65
384 817 31
370 477 19
27 805 943
428 919 3
90 244 102
443 660 390
85 705 934
754 854 374
646 647 172
75 816 362
244 707 149
541 852 270
141 817 693
626 637 394
102 422 61
384 607 574
166 827 964
377 472 967
375 505 314
412 722 33
508 959 675
107 273 273
234 939 943
127 722 554
165 363 223
627 656 470
793 952 882
226 779 327
691 754 718
441 569 914
47 732 48
673 773 679
266 341 321
720 906 497
272 505 237
18 712 900
755 842 67
646 751 943
122 599 535
652 706 248
49 294 409
214 557 889
380 797 224
198 380 698
788 831 662
883 930 675
37 792 642
223 689 918
206 897 695
557 999 686
281 494 739
106 361 719
411 670 382
360 806 337
116 176 975
566 863 476
422 632 521
77 172 831
741 970 676
78 688 454
155 814 16
246 726 967
62 995 713
6 566 421
68 817 753
234 695 938
115 716 283
611 646 241
393 563 688
327 662 126
452 909 144
128 800 461
76 686 835
76 379 789
21 726 492
67 548 912
190 247 679
432 441 749
537 706 914
42 637 666
540 601 958
673 737 767
29 220 774
901 934 719
306 473 5
461 897 573
8 948 842
61 150 35
72 721 518
290 494 395
54 383 150
70 678 358
384 919 610
612 864 987
501 871 666
45 642 529
49 828 231
614 916 198
104 417 301
693 737 163
309 829 707
64 834 13
348 853 585
296 339 546
49 959 534
9 902 936
389 982 780
945 976 599
820 849 436
127 348 374
751 955 482
440 744 316
76 843 504
710 772 490
808 853 725
155 754 62
65 443 388
302 647 490
490 876 692
806 866 835
550 567 603
684 892 802
566 951 888
476 552 624
211 437 231
158 748 838
505 592 206
569 843 712
218 801 690
328 652 704
113 650 338
277 631 21
153 953 653
745 823 87
526 769 668
188 468 448
323 828 383
381 409 280
181 556 521
403 734 117
461 918 446
631 659 665
138 772 759
594 917 116
268 736 510
123 952 256
159 686 767
200 892 420
314 789 610
80 834 589
848 950 962
260 503 374
260 665 949
372 883 388
374 422 337
512 798 637
267 818 745
109 384 53
306 544 771
409 447 684
403 884 517
251 684 349
130 172 716
235 566 101
876 901 647
680 798 949
459 629 285
8 70 652
10 342 22
583 809 24
551 757 301
770 819 571
91 699 87
147 198 693
147 893 149
59 312 427
3 599 14
19 261 143
465 468 538
528 924 734
726 979 144
161 585 701
317 900 196
330 622 292
89 577 295
434 482 894
186 486 56
133 701 9
885 915 936
119 179 896
798 890 963
123 814 916
786 802 849
35 128 745
719 874 962
203 259 611
792 868 421
902 980 160
317 364 762
281 942 230
321 732 795
638 819 703
417 925 526
625 881 565
368 461 87
648 814 67
406 546 186
797 957 534
62 725 848
599 956 739
444 782 1
54 581 227
74 143 447
3 604 537
116 243 795
246 956 238
13 665 205
86 373 701
54 57 835
93 431 182
97 940 300
150 219 277
51 61 539
469 484 296
469 799 369
327 624 845
17 125 390
684 746 335
333 618 445
82 737 208
172 680 342
428 501 159
428 834 797
630 788 300
68 796 316
34 924 925
146 320 952
123 905 573
919 989 753
98 829 324
388 923 589
61 299 346
432 665 547
357 879 111
217 853 114
487 540 649
680 923 958
179 522 808
187 950 214
831 956 495
261 617 146
61 517 967
104 247 257
164 257 230
589 890 253
20 587 973
458 594 226
203 416 609
630 644 191
298 750 824
210 636 325
335 521 762
601 898 444
67 423 24
216 875 154
33 190 240
732 838 546
476 479 330
613 811 173
317 724 476
313 661 844
670 887 376
285 960 420
814 824 113
487 644 629
293 954 560
239 295 523
442 458 773
953 958 80
185 991 536
661 790 923
208 653 446
280 524 322
226 939 674
80 994 346
245 995 549
48 97 188
265 765 431
395 698 827
499 921 709
768 810 283
839 906 576
341 513 941
438 801 127
447 897 742
648 997 262
762 952 438
317 636 641
727 741 368
321 822 582
565 693 869
438 623 219
534 752 167
612 752 45
500 905 791
265 991 980
345 387 437
235 428 503
381 453 456
236 899 854
790 830 198
383 636 354
511 748 650
41 763 336
406 567 196
43 651 375
816 836 32
410 450 234
484 623 380
340 500 811
453 566 86
76 767 908
256 880 258
226 495 29
304 792 14
415 630 258
172 597 138
254 417 316
160 920 72
240 543 281
206 260 762
5 17 374
466 922 353
302 758 719
177 725 354
413 679 859
198 215 838
309 496 909
20 434 8
646 977 408
649 759 724
334 567 777
301 413 311
549 783 935
317 742 464
232 558 259
419 977 281
177 550 987
339 730 164
144 356 360
128 889 130
268 617 169
673 968 869
477 480 733
74 967 394
416 798 577
221 788 965
93 688 921
371 585 164
209 809 202
615 931 863
361 834 149
105 405 389
162 606 835
401 404 805
20 925 367
147 527 594
81 186 63
446 506 845
423 496 420
480 682 363
197 735 923
157 729 940
138 957 81
86 682 391
217 553 893
361 432 64
115 851 624
499 637 582
580 839 894
120 496 356
907 963 96
101 245 699
177 607 806
364 420 22
845 989 583
387 983 450
180 907 855
42 160 779
922 941 371
439 537 136
907 923 301
122 335 459
340 951 408
694 887 766
57 114 198
57 549 804
425 502 536
190 715 758
260 341 741
728 867 19
195 284 865
549 768 303
568 972 748
1 477 329
648 922 422
260 448 159
209 488 823
218 310 551
508 925 716
234 845 988
509 701 744
328 885 373
420 526 333
771 894 166
133 788 727
482 780 203
655 947 535
196 511 970
345 803 482
321 748 992
380 486 487
219 822 471
950 958 628
809 826 426
169 704 156
276 876 824
250 849 943
957 968 825
115 415 163
271 832 276
230 321 798
486 991 419
503 855 999
15 970 112
424 625 180
94 650 1000
186 593 454
78 547 366
173 724 469
209 795 263
176 653 19
265 537 798
110 776 338
165 464 559
792 806 125
483 948 344
300 371 112
564 672 355
410 735 451
432 827 283
417 979 234
328 892 997
420 565 896
520 549 734
633 873 371
389 419 818
232 515 388
448 576 189
346 913 641
341 665 769
458 646 225
60 483 207
360 760 49
129 701 116
343 955 714
288 675 722
328 901 391
418 452 744
256 860 772
421 585 365
540 639 145
557 898 915
266 522 649
35 868 40
802 885 520
190 846 500
235 796 544
237 560 571
493 878 588
297 401 465
290 432 376
189 216 217
189 905 899
207 259 744
445 532 335
64 760 378
359 569 678
197 655 723
515 924 555
402 809 817
516 696 363
187 904 327
367 819 379
297 403 61
136 474 465
597 888 361
122 175 745
104 494 540
508 881 399
149 759 727
277 290 42
44 934 439
5 696 473
136 425 363
191 246 656
202 910 769
655 744 68
12 606 547
162 610 562
787 906 277
330 598 716
249 344 376
539 694 921
95 289 226
354 775 886
551 692 236
905 910 492
44 960 907
512 980 160
233 898 653
180 648 953
110 647 694
355 443 111
422 814 146
39 275 127
518 889 321
540 788 866
287 513 325
320 511 435
266 491 941
470 942 282
569 918 634
396 662 217
87 946 192
364 904 601
591 600 527
494 944 683
501 758 834
84 948 56
618 851 817
143 646 692
53 991 494
22 500 877
244 709 553
595 855 782
315 834 302
65 478 301
285 870 567
245 711 836
292 677 828
538 701 443
136 319 5
104 318 786
286 337 531
804 825 487
786 860 426
159 994 725
553 639 404
8 986 299
537 981 1
516 543 121
213 835 769
793 950 409
61 251 211
319 390 27
293 825 800
73 278 721
49 156 700
624 644 252
736 974 9
200 427 415
623 885 137
209 542 447
580 684 738
85 837 745
265 895 84
88 961 764
16 867 914
368 997 673
240 721 654
358 755 923
41 896 610
282 801 401
192 276 459
154 538 479
91 236 549
451 938 85
620 812 580
217 857 599
327 484 786
8 877 809
312 963 809
1 328 551
77 178 670
350 464 36
813 1000 256
175 851 30
366 671 711
284 456 474
244 623 38
196 331 490
87 952 691
344 766 382
660 716 130
76 801 7
241 425 804
663 796 837
9 291 934
45 90 263
230 661 381
236 342 520
305 802 770
68 858 191
182 999 903
453 768 372
864 937 962
519 939 150
46 62 121
425 729 513
264 847 474
464 556 723
982 983 97
127 770 546
1 983 425
18 911 976
754 846 837
52 221 576
20 681 443
444 450 192
113 429 19
254 505 970
199 861 302
240 914 759
21 942 893
353 792 862
191 370 287
47 473 384
470 689 569
605 607 988
258 886 227
78 367 468
418 625 583
743 810 148
717 825 699
356 386 483
110 188 628
165 831 680
186 660 414
116 291 619
544 558 992
129 632 277
786 935 95
622 780 408
450 739 815
277 651 920
258 559 341
296 845 224
595 874 816
273 735 244
335 559 353
84 379 455
233 410 392
67 860 748
5 421 815
110 816 426
292 328 709
256 889 610
168 267 994
496 936 863
45 390 396
28 322 271
50 979 604
456 916 326
273 365 963
19 202 106
132 542 1
777 967 818
355 687 492
307 566 452
503 657 762
486 575 411
381 970 519
37 696 978
901 985 79
866 919 256
298 632 931
7 16 2
597 805 307
157 523 989
48 660 891
358 364 524
656 979 322
215 237 974
608 706 872
550 677 509
57 170 608
57 605 908
702 705 657
607 736 250
315 998 762
285 287 168
105 598 839
127 236 804
107 374 555
263 994 108
492 837 880
873 942 394
239 413 642
213 455 114
114 284 445
331 941 973
274 892 669
487 814 538
237 919 971
256 751 987
132 968 502
497 810 216
186 864 774
482 820 654
139 637 832
301 678 829
323 831 309
223 794 26
92 699 501
93 857 330
258 654 39
111 724 432
173 342 24
394 491 1
50 556 667
161 492 679
641 741 43
471 822 377
664 784 54
324 963 813
603 735 767
171 215 831
395 793 829
55 946 370
213 678 345
456 509 694
160 604 928
365 939 720
539 608 951
60 242 294
54 953 70
281 582 959
470 730 957
345 422 665
237 912 102
455 627 468
522 638 315
131 540 859
243 259 527
208 751 453
329 654 886
817 863 217
507 829 943
254 315 906
18 557 446
845 919 493
276 803 523
116 312 99
181 306 332
279 765 731
856 965 806
326 880 52
786 912 486
58 836 276
732 908 769
75 565 698
422 571 153
132 290 388
676 844 364
430 746 679
274 829 739
254 942 120
610 703 915
419 631 919
609 848 784
313 838 238
150 176 959
750 970 211
68 790 414
640 740 345
590 706 886
60 902 119
294 558 22
499 520 815
263 484 470
745 800 540
464 624 783
138 363 821
211 307 140
468 856 336
344 422 819
126 489 724
123 394 229
661 771 829
773 985 458
481 723 904
423 720 562
173 765 6
104 246 935
380 825 463
865 898 167
700 754 457
701 850 14
63 804 442
467 730 2
395 540 41
555 856 962
2 406 465
719 778 356
538 746 937
406 508 908
373 524 23
392 496 965
319 894 731
34 582 939
148 344 878
442 919 651
349 681 749
8 117 597
100 398 762
357 723 769
411 455 462
86 873 390
656 928 84
415 952 849
52 870 221
454 653 180
236 336 886
473 642 685
148 658 383
37 860 860
868 907 260
131 755 930
101 734 926
120 809 90
709 964 379
13 642 373
50 140 626
231 538 820
839 908 881
451 820 614
147 401 15
628 737 847
32 882 451
56 673 5
524 996 380
389 602 527
174 213 836
32 841 569
164 641 678
311 978 442
223 519 777
258 368 251
79 216 482
710 733 321
318 373 863
449 762 772
600 806 144
269 506 174
282 421 222
27 580 429
164 528 830
110 251 165
112 246 352
129 904 422
172 413 835
636 780 505
490 994 897
54 596 105
291 802 965
207 980 783
578 712 967
6 353 502
450 546 643
172 633 338
174 696 462
858 962 663
748 869 591
309 983 440
462 536 888
349 921 915
320 535 424
510 640 592
780 898 784
838 937 221
713 820 735
933 971 771
127 772 186
535 907 752
827 879 127
522 786 673
743 996 308
391 752 7
412 430 674
196 387 493
514 898 320
608 963 645
348 665 225
404 667 92
421 707 580
756 877 713
168 665 953
79 342 927
587 863 591
601 753 815
428 960 81
506 631 710
294 502 465
916 989 380
501 688 531
756 882 189
506 813 306
362 841 574
464 906 537
398 779 174
238 714 417
95 776 901
188 491 941
617 808 232
63 851 293
141 422 70
22 603 79
322 616 301
385 842 150
137 915 793
337 593 679
429 491 566
123 631 462
141 962 454
181 736 197
607 644 423
99 660 803
522 748 121
512 528 150
31 472 887
514 780 890
487 522 461
54 550 431
330 893 268
336 839 549
152 340 647
557 944 287
412 816 753
298 931 992
455 580 482
256 434 909
267 292 633
150 553 921
135 319 955
121 687 4
214 476 48
432 629 573
324 372 750
966 975 864
71 343 892
312 340 440
76 469 139
58 184 525
407 506 269
221 369 223
83 176 85
488 928 517
568 848 269
624 994 344
74 88 155
3 531 61
47 841 590
406 710 800
118 769 932
139 210 313
88 799 413
322 794 986
406 527 887
435 553 986
260 915 578
59 792 584
83 91 191
395 672 818
251 490 181
108 612 571
344 621 336
219 619 322
509 952 133
511 948 200
177 374 770
64 380 562
66 989 558
175 237 363
396 928 8
309 534 840
95 900 221
235 373 71
3 52 718
95 911 79
593 609 146
228 602 289
63 214 29
130 454 412
526 847 469
853 933 389
748 939 54
195 956 675
307 544 391
269 628 560
533 807 565
53 882 569
221 400 471
367 369 190
683 743 578
83 499 463
249 991 978
670 995 345
211 852 631
250 829 621
632 817 58
211 473 282
870 950 522
341 647 867
158 967 231
398 796 744
614 870 315
81 202 872
300 730 380
120 987 174
430 750 715
466 900 442
514 544 486
164 377 223
257 521 933
681 740 911
298 861 783
520 628 611
445 538 311
63 223 766
270 874 473
694 983 302
81 220 631
20 853 817
516 690 826
166 554 730
209 319 795
762 794 215
66 781 104
708 747 202
713 767 170
15 445 421
326 812 751
370 884 464
538 825 961
140 220 921
758 803 368
50 281 227
30 771 839
752 766 36
287 750 626
91 940 783
610 801 823
646 803 972
620 957 581
297 481 850
274 753 248
194 842 317
34 440 759
28 813 184
69 833 930
363 985 460
414 696 322
218 345 183
536 894 910
539 545 971
150 376 489
189 360 271
176 995 902
450 884 553
640 785 571
103 236 798
489 555 965
241 278 76
347 950 474
10 733 52
157 922 267
263 535 769
104 495 302
160 796 807
182 917 171
678 711 173
67 242 687
57 575 440
558 729 513
44 492 621
164 351 360
85 803 874
285 289 148
69 500 428
490 638 353
108 593 461
787 909 564
585 596 627
37 417 523
129 640 695
589 877 539
7 675 352
527 685 902
744 983 522
359 851 539
749 878 342
272 382 721
473 984 390
863 901 324
169 892 574
665 871 22
315 432 719
323 654 690
304 538 252
434 917 471
125 639 942
94 294 403
20 845 725
756 855 70
192 826 625
390 445 926
157 915 17
728 977 768
393 501 172
430 594 81
108 390 56
351 802 152
57 245 889
611 716 85
66 453 143
543 597 991
378 908 810
245 926 68
206 741 207
115 509 898
613 785 581
337 384 156
317 499 206
923 972 871
756 986 26
362 408 541
34 109 874
291 924 664
521 946 734
492 904 18
189 378 300
46 665 106
407 978 792
67 869 772
186 773 316
50 950 296
45 296 527
622 912 634
382 661 532
194 604 815
405 619 640
22 496 669
122 363 97
16 471 905
394 769 645
14 494 731
839 956 549
236 860 388
365 490 160
387 866 118
887 976 427
28 222 997
356 755 380
360 364 840
106 167 171
125 147 410
665 960 769
558 602 390
122 999 974
413 548 528
12 732 911
677 994 353
604 755 772
236 488 832
517 521 971
447 788 769
351 969 966
726 764 991
302 594 643
255 555 9
821 894 55
522 983 279
409 523 405
149 968 438
332 523 698
482 923 795
373 780 161
391 898 986
69 169 586
200 546 233
301 490 387
81 715 843
575 688 810
121 713 77
546 887 489
30 209 465
305 470 300
415 759 370
475 930 850
365 959 295
42 515 547
171 429 224
745 954 650
10 552 869
64 959 800
619 913 905
124 990 149
659 957 897
930 936 843
697 915 355
722 877 595
149 552 710
498 541 978
433 730 933
415 990 16
113 178 12
280 552 355
511 607 697
794 980 746
245 571 648
454 991 917
9 38 832
484 559 550
565 919 249
305 382 830
768 882 655
491 509 410
367 502 854
609 979 649
408 994 444
152 215 319
313 773 245
689 781 622
51 529 623
306 864 328
57 350 384
365 621 204
151 444 444
170 621 866
908 947 337
514 941 802
1 188 100
77 489 556
292 713 754
232 756 382
647 951 273
542 928 923
85 537 84
49 136 857
86 247 292
641 921 444
53 929 332
535 566 513
229 363 422
630 783 242
683 867 857
133 334 513
184 625 106
252 429 432
252 602 286
606 946 187
21 138 52
150 633 220
282 500 177
292 522 945
288 408 837
396 921 297
395 586 274
408 718 917
111 676 547
136 785 687
61 562 635
158 722 188
214 287 132
470 704 954
217 988 114
236 930 735
293 479 448
404 761 222
150 859 456
300 570 579
118 977 503
356 433 306
730 809 30
69 243 521
362 984 320
293 533 253
188 346 562
104 968 638
725 979 944
689 942 794
20 156 760
47 145 370
51 936 347
285 540 824
469 592 803
56 318 807
310 524 347
513 615 47
637 734 478
502 804 961
196 844 310
433 438 79
179 621 149
509 889 155
937 984 863
679 904 338
385 788 80
206 779 691
427 615 848
245 815 514
449 534 319
216 380 857
289 538 368
56 485 603
517 621 814
59 461 630
722 870 565
64 101 294
503 870 738
343 909 726
626 692 303
309 760 860
73 839 160
592 817 936
613 702 23
202 805 236
118 150 899
177 350 660
127 332 760
112 416 577
147 748 440
278 326 442
260 821 732
402 720 315
818 843 511
75 747 412
201 859 738
129 345 493
499 922 94
385 823 151
463 640 469
135 167 162
347 707 237
621 913 671
252 641 647
720 793 183
152 959 985
279 644 345
302 956 803
375 798 967
156 516 428
802 979 516
752 863 696
54 908 175
55 509 230
277 829 205
370 497 597
225 466 773
84 998 428
624 750 598
52 210 205
382 562 337
238 328 396
157 893 782
26 91 288
463 855 317
101 386 208
367 582 663
161 366 870
253 405 678
491 957 676
384 401 32
347 519 573
221 405 839
171 398 938
239 989 222
337 922 25
427 495 912
310 646 164
896 951 365
861 977 33
509 764 28
240 368 425
510 655 879
204 334 700
134 237 187
405 545 4
688 712 518
564 929 76
376 687 390
286 726 232
418 566 617
221 428 39
98 543 141
85 883 38
139 192 148
549 791 84
161 502 819
734 981 704
550 710 589
148 514 970
419 810 279
591 640 762
857 864 846
98 641 724
445 822 774
100 570 959
652 678 426
654 917 30
13 729 740
271 819 63
532 655 265
19 129 732
146 974 630
253 301 497
63 573 398
321 490 626
118 898 140
383 939 662
430 947 430
59 464 228
131 959 802
115 290 413
520 952 111
174 180 587
49 282 528
253 594 410
106 406 187
159 160 978
571 637 621
290 807 103
138 367 111
185 400 809
496 696 370
518 647 155
67 257 101
506 732 460
346 901 741
533 862 87
437 805 225
4 470 527
538 842 522
481 938 824
25 821 732
890 909 390
229 968 656
379 861 817
432 785 79
285 657 174
164 326 354
20 437 943
459 642 608
333 538 484
214 649 844
375 671 160
183 731 278
739 753 915
220 423 162
797 902 143
444 722 853
11 586 485
873 891 957
379 714 779
70 742 322
244 414 338
715 873 381
829 960 79
261 910 133
81 884 823
466 777 624
185 237 321
33 221 67
329 700 279
113 911 853
314 888 10
171 913 921
378 721 906
418 816 631
251 722 266
30 738 62
1 655 894
214 944 524
37 217 857
204 915 872
958 965 630
704 740 196
64 670 90
203 260 427
411 969 593
231 802 699
380 632 482
342 803 777
110 593 968
865 886 332
607 647 215
77 440 998
109 975 91
333 345 469
172 396 477
449 817 581
156 931 319
159 749 515
693 856 427
435 918 322
77 265 21
224 835 73
99 740 719
740 894 801
157 365 558
323 578 202
215 714 522
95 880 981
294 864 429
850 922 835
374 583 775
17 449 47
289 906 67
287 643 436
454 913 7
312 341 190
557 820 361
628 982 949
207 763 476
522 773 792
501 879 774
724 825 297
851 947 297
517 947 956
275 440 994
79 1000 171
98 908 325
7 913 25
229 769 848
730 998 394
323 324 309
90 524 477
237 683 602
34 702 518
847 952 505
378 443 418
226 521 686
81 839 101
740 869 487
137 629 600
101 140 91
102 266 566
413 725 208
379 550 624
15 43 832
787 889 178
349 942 92
568 695 538
108 815 102
198 626 387
640 917 783
471 554 594
186 192 552
900 983 568
193 745 27
407 969 144
13 903 978
271 900 720
615 974 265
8 708 631
62 172 648
43 425 353
175 889 694
215 316 957
81 894 525
642 706 646
241 673 358
259 981 165
84 229 477
478 970 780
319 587 83
118 648 443
856 951 941
124 762 109
482 938 824
200 218 686
163 814 315
348 901 226
497 904 365
204 532 129
135 666 156
284 618 802
29 148 760
285 778 985
306 401 298
418 823 22
317 734 824
220 692 473
4 633 625
349 984 379
80 340 991
100 450 723
476 677 245
443 474 215
160 919 48
696 866 387
306 608 591
235 394 827
436 972 466
591 849 161
336 552 862
499 762 513
615 657 883
338 763 406
65 81 330
854 869 740
156 904 256
196 698 631
213 516 95
327 799 316
313 675 884
79 560 965
262 723 476
139 839 969
31 701 340
696 807 216
932 954 905
91 504 299
186 467 487
664 667 207
150 694 685
292 689 42
81 639 333
687 934 573
559 861 816
728 738 72
97 137 60
258 912 863
958 993 70
562 963 310
449 876 232
483 527 494
581 646 265
654 697 93
650 756 821
480 927 893
441 780 690
570 973 816
508 883 218
163 312 366
396 645 599
679 864 490
439 479 553
44 493 589
686 818 803
268 787 874
484 638 851
806 834 416
435 684 787
332 963 642
521 754 990
77 713 498
459 621 270
8 464 734
569 764 896
788 959 575
89 106 578
421 541 498
248 304 834
108 737 161
418 841 375
642 914 483
681 725 969
259 737 277
973 986 641
506 555 742
531 662 370
34 962 14
310 959 934
676 767 149
367 753 268
170 936 522
369 518 111
404 970 189
581 752 144
677 721 954
435 516 721
473 761 391
737 900 59
169 586 225
30 707 567
278 425 542
387 681 23
455 706 709
450 933 661
503 941 514
290 538 647
717 748 250
604 764 793
617 898 158
236 505 700
431 896 130
91 994 743
15 705 856
626 976 256
54 361 648
257 516 1000
258 313 801
973 979 305
44 701 576
866 927 361
71 591 170
397 897 449
643 953 839
107 553 514
219 475 711
115 624 922
157 627 75
280 325 553
926 950 862
49 290 54
261 655 358
253 962 311
588 944 469
92 141 354
184 470 759
516 831 921
599 665 906
439 920 704
668 966 770
279 388 90
448 929 831
376 936 644
430 784 360
144 964 492
255 947 461
473 952 410
609 817 231
77 763 107
426 815 912
562 797 73
541 962 412
553 700 509
239 243 48
124 397 692
126 932 933
264 276 485
592 711 92
24 766 484
645 932 121
743 815 1
101 496 227
265 789 468
7 833 464
222 273 871
24 94 919
604 806 245
367 413 11
8 743 93
458 624 344
10 256 630
327 713 484
714 788 990
237 641 861
1 67 459
455 894 209
572 670 186
575 691 111
689 810 312
19 86 416
93 931 741
187 639 880
23 493 608
717 852 247
122 408 524
251 666 738
674 902 984
235 990 861
71 289 918
42 953 19
37 556 113
398 962 308
757 770 211
97 273 242
173 774 664
255 580 924
138 373 159
138 731 485
802 972 214
827 956 136
384 770 763
180 849 144
100 905 486
727 863 433
67 141 845
217 243 818
254 407 931
366 870 653
15 164 273
385 744 649
208 981 128
169 508 317
29 878 884
525 553 169
288 386 875
49 706 195
675 899 597
49 955 385
39 602 674
353 791 272
102 170 195
211 996 310
50 340 321
71 286 854
528 693 849
315 898 683
300 572 44
377 873 525
618 802 155
426 735 871
252 740 625
202 426 247
159 707 294
518 673 811
81 683 657
777 854 899
8 42 251
232 458 222
249 346 332
499 860 372
36 92 959
343 623 739
56 129 578
151 541 345
497 974 223
740 799 395
903 962 154
152 841 610
210 799 41
671 893 102
265 558 830
468 472 802
364 711 591
12 320 809
242 922 456
120 600 5
9 926 71
526 917 751
448 516 312
451 784 5
287 446 35
622 631 649
387 650 956
807 852 873
386 925 29
634 762 426
66 200 930
430 519 298
293 564 291
513 964 891
254 310 555
56 793 326
34 92 307
37 687 927
662 837 166
81 684 343
98 258 430
7 11 68
136 571 980
504 544 316
15 910 591
435 797 229
307 904 720
676 842 389
606 954 407
273 390 704
24 572 407
187 472 224
8 363 640
135 487 962
600 676 948
782 972 563
253 855 115
1 681 734
624 888 553
129 327 503
203 248 165
183 507 835
752 931 594
117 914 726
278 864 245
120 607 993
281 938 857
75 944 203
198 1000 621
550 956 841
183 758 663
112 648 249
789 934 414
822 866 30
104 402 13
213 587 753
752 857 849
198 460 794
571 617 2
21 51 646
261 937 237
498 662 422
10 747 865
390 392 970
357 409 826
486 805 522
411 714 494
159 325 186
329 412 154
674 886 461
557 968 914
427 917 953
9 754 347
284 570 86
838 954 868
410 910 281
456 537 667
330 613 904
75 881 616
55 880 227
103 888 296
279 534 94
337 619 279
212 641 6
157 213 264
583 658 645
380 790 934
179 815 911
487 862 548
695 768 924
368 399 790
244 388 188
532 984 94
19 336 948
361 678 880
312 693 867
425 572 878
427 840 557
85 420 685
233 625 827
888 897 679
65 461 880
571 808 272
118 316 336
530 754 942
6 179 189
8 174 281
62 481 766
323 758 377
160 717 409
182 762 772
37 45 50
112 567 52
60 130 815
172 273 721
541 952 639
48 340 464
375 428 324
674 933 808
515 898 783
84 799 573
866 966 270
276 761 162
479 967 200
704 783 900
62 142 994
210 239 176
365 831 986
416 591 232
423 449 197
123 979 400
416 780 832
181 414 834
454 852 849
147 217 32
168 178 300
385 604 153
626 664 145
227 474 880
282 422 472
449 990 445
410 588 429
69 126 370
272 840 441
72 430 545
646 843 598
719 771 786
209 385 166
372 843 746
102 254 479
430 833 536
916 981 173
145 567 568
240 453 501
46 493 714
884 900 282
354 708 553
902 965 813
83 821 830
118 899 41
120 478 669
263 430 594
710 776 284
261 912 487
163 618 399
75 425 176
536 901 893
640 907 365
701 896 385
799 952 959
430 547 383
184 852 770
59 320 674
97 245 722
26 917 669
32 640 311
224 1000 788
247 465 297
230 299 316
106 656 143
585 776 291
410 970 101
514 683 752
257 807 463
38 643 775
433 570 464
130 237 135
132 716 279
403 620 929
375 898 785
207 434 37
210 626 612
9 82 631
27 671 931
341 594 101
233 524 566
159 796 42
381 668 447
557 767 796
32 905 652
587 900 851
232 492 945
641 872 894
322 663 871
217 589 209
825 910 333
636 994 986
130 921 746
650 726 116
206 663 777
391 489 954
66 807 709
283 855 349
486 809 222
31 477 545
287 296 320
658 940 902
56 647 649
185 997 954
554 621 400
302 846 411
7 423 605
445 982 967
121 706 305
526 545 36
102 930 629
892 923 947
711 971 339
931 969 627
167 950 381
405 857 791
27 506 563
906 926 968
300 385 719
201 980 620
77 483 919
531 711 47
253 713 958
452 911 934
100 616 810
218 323 482
564 604 992
136 828 702
378 838 680
593 769 573
608 988 344
220 607 11
4 540 503
132 489 66
810 932 873
558 773 196
655 991 727
430 557 157
487 516 569
73 720 996
147 675 607
421 603 275
298 567 692
118 202 731
227 900 473
25 465 154
774 890 458
218 532 191
334 377 839
167 795 718
153 595 111
64 359 780
299 829 478
600 654 741
507 574 629
18 146 164
220 679 947
204 284 885
97 830 350
408 703 46
27 983 962
673 867 951
270 821 157
216 295 811
382 777 260
586 922 219
57 953 363
205 816 974
41 791 562
496 833 390
329 443 544
256 949 770
142 649 885
456 837 33
272 915 503
471 882 382
94 646 112
274 919 552
278 691 820
259 418 270
812 846 365
637 926 936
506 829 770
250 502 231
144 994 385
734 950 789
293 889 423
499 982 803
962 968 901
14 886 363
340 731 421
490 767 438
71 334 451
236 596 540
99 567 977
445 543 311
82 772 67
49 692 519
802 919 408
380 655 319
15 285 630
894 895 51
260 930 276
276 676 378
443 924 155
116 622 636
14 922 35
266 703 179
545 853 899
31 893 614
177 934 189
13 387 49
586 945 355
271 483 117
204 902 766
761 908 558
577 850 282
186 855 667
395 962 577
656 788 142
38 261 361
314 786 39
385 802 591
302 382 20
412 714 381
272 727 582
242 989 275
227 538 298
189 674 344
334 448 917
944 975 52
88 470 448
564 997 57
109 226 114
374 961 405
175 357 507
13 200 937
109 557 987
221 572 721
23 557 457
386 531 592
331 619 871
388 872 722
301 335 210
486 730 976
341 840 248
267 605 994
344 409 965
436 519 704
218 638 863
207 947 368
8 144 143
192 258 918
709 936 496
124 837 921
947 991 502
308 915 248
308 611 437
59 215 493
93 521 67
136 841 642
670 817 213
430 879 754
87 111 700
142 949 594
457 788 764
647 704 461
275 869 712
39 200 357
688 810 393
154 440 368
502 919 905
853 949 799
419 927 764
237 355 373
19 283 464
238 909 984
41 439 492
223 396 82
595 716 830
82 481 142
541 699 606
418 612 701
143 881 613
790 835 293
495 630 446
303 949 89
43 484 913
18 33 263
82 386 98
44 684 340
53 865 233
46 537 592
305 587 336
307 389 789
44 697 371
660 842 531
537 800 714
794 809 802
792 823 120
467 695 764
385 886 956
193 318 690
835 891 973
47 429 241
13 235 132
660 829 654
108 175 428
695 720 461
309 859 488
672 747 787
528 823 612
503 654 798
497 707 599
153 796 183
54 262 384
112 718 464
518 783 823
661 749 315
281 682 277
467 498 150
211 809 407
322 892 398
201 546 259
700 732 185
702 808 676
426 914 693
151 323 797
192 939 767
463 477 496
50 265 864
317 627 968
285 338 309
52 719 36
143 560 449
386 775 491
494 860 644
463 791 662
65 869 844
484 709 495
12 154 727
624 836 337
253 341 295
348 725 576
238 812 931
721 995 874
385 934 641
333 413 230
619 751 663
33 638 650
706 725 640
197 488 415
821 883 865
127 476 194
92 722 964
75 900 589
205 973 420
406 763 495
740 946 918
375 616 621
834 925 224
391 594 197
182 914 906
493 691 309
477 814 807
334 841 455
443 476 967
463 879 82
209 772 890
504 628 161
88 574 263
195 825 950
489 961 793
165 620 99
444 994 945
452 984 881
118 345 3
239 837 526
518 878 599
152 606 83
119 389 745
345 927 114
72 203 116
201 918 996
76 691 428
539 880 791
258 672 572
465 537 61
603 642 517
895 960 568
492 963 828
769 793 531
366 401 235
22 119 155
43 926 217
594 897 757
84 664 209
32 365 353
175 607 133
18 336 355
883 953 860
93 930 778
19 963 6
51 832 291
39 241 860
261 289 340
282 749 181
536 884 549
742 751 724
99 810 31
341 531 325
158 187 759
235 583 726
426 518 491
290 467 381
523 974 204
350 707 606
420 792 590
483 510 345
138 143 268
88 803 370
13 103 173
605 770 742
418 537 585
553 767 149
719 944 269
638 825 684
62 379 622
318 396 534
194 230 974
784 906 73
801 812 101
65 341 14
146 952 10
823 918 205
274 283 245
132 763 309
744 765 618
530 978 46
303 996 857
32 734 854
648 942 616
206 831 663
562 780 197
28 349 353
126 616 27
513 516 296
316 930 856
473 570 221
475 810 850
386 899 227
60 110 256
26 170 62
673 811 231
543 864 669
358 400 496
159 193 39
91 250 538
368 549 128
807 815 891
687 885 781
227 628 900
311 710 33
51 933 828
531 802 29
180 444 684
92 302 122
73 804 15
76 560 977
37 822 728
646 876 329
478 583 108
332 382 676
174 188 76
267 708 721
141 397 415
291 431 477
366 676 128
40 288 240
97 782 997
204 550 959
155 816 785
82 829 737
670 730 114
47 488 195
285 397 145
747 750 894
605 995 617
161 893 445
340 946 867
169 839 498
78 380 193
498 525 232
90 737 997
48 319 689
156 560 605
413 958 843
30 948 818
325 588 526
7 670 301
741 783 238
193 432 786
652 762 50
788 976 231
89 522 182
310 514 254
629 949 808
47 981 690
323 523 942
489 869 736
665 930 757
280 726 460
263 711 420
63 128 859
266 937 902
105 749 969
342 770 346
343 607 439
189 321 232
221 446 276
574 937 736
496 808 891
541 959 175
134 766 526
73 109 634
14 179 890
835 978 335
181 927 9
128 450 507
716 765 89
92 250 798
476 679 283
759 882 643
378 705 91
459 871 375
299 391 651
343 427 289
753 907 657
80 651 288
703 915 465
560 598 718
613 623 920
176 544 562
7 607 737
448 996 651
106 567 543
69 449 974
363 601 33
478 601 507
753 868 334
93 475 152
789 942 640
103 484 130
88 578 741
523 968 677
449 749 116
52 446 701
487 658 178
36 877 928
660 746 747
292 503 299
60 462 237
204 683 91
633 815 671
533 586 483
541 740 3
98 512 938
428 982 493
880 922 191
269 342 839
2 903 618
827 987 647
479 659 750
257 479 879
392 618 450
305 514 779
506 712 902
57 629 991
421 508 52
369 955 533
647 759 352
589 813 486
303 567 72
197 208 470
399 692 258
292 367 104
39 914 909
254 312 179
210 528 997
317 727 836
375 864 254
763 779 949
17 794 816
839 875 844
468 483 402
384 887 65
424 804 796
663 819 755
297 320 826
600 955 225
377 703 588
193 986 520
213 604 501
390 438 807
418 564 932
19 783 239
92 803 211
465 631 956
66 837 541
1 431 412
893 922 845
67 154 800
306 396 728
308 366 664
296 791 921
540 688 504
355 535 997
427 773 238
800 813 324
496 862 639
13 528 177
540 806 554
105 906 950
217 320 161
216 353 228
475 581 714
332 458 488
98 526 532
335 847 34
458 875 114
301 630 126
361 448 91
622 991 809
825 900 646
552 972 267
880 969 170
483 885 712
11 599 160
600 611 402
490 993 388
713 735 61
146 149 397
631 777 363
499 853 880
501 692 251
264 344 98
490 548 773
871 879 400
305 394 507
31 704 362
604 919 432
678 682 686
309 322 357
339 578 548
269 542 612
96 369 231
596 807 278
557 615 62
155 868 806
101 597 252
339 740 205
233 357 432
235 633 431
325 834 733
257 546 269
185 189 65
646 978 279
95 360 85
782 821 172
210 514 240
466 558 648
142 525 686
97 721 70
164 538 822
368 992 385
629 872 63
773 928 436
43 53 448
944 947 737
335 965 199
690 865 624
46 784 721
623 951 120
737 876 952
383 969 653
232 677 265
261 908 453
98 318 517
118 240 562
748 863 513
602 894 907
235 379 123
330 567 411
293 641 175
226 740 225
599 894 222
448 960 87
256 991 174
197 368 994
173 971 240
400 573 290
350 861 869
385 847 784
902 948 729
269 948 111
234 982 594
8 555 838
40 527 432
113 239 131
774 915 833
611 783 899
171 689 52
297 782 181
262 861 712
232 417 385
195 394 151
175 885 555
234 684 109
127 410 546
588 920 110
662 804 444
342 626 965
96 709 977
578 876 61
245 390 683
174 713 124
451 964 672
324 480 940
17 114 369
829 966 590
183 517 234
609 793 249
721 892 332
132 394 550
118 122 209
126 929 279
432 508 634
345 608 114
16 576 617
196 642 803
526 998 386
3 391 83
494 809 269
558 930 615
78 759 981
173 821 783
264 420 392
118 470 794
202 695 234
470 759 337
87 938 888
156 679 168
715 996 345
644 847 910
350 642 216
599 808 816
218 236 29
669 833 343
813 871 379
361 753 145
88 343 927
378 416 712
491 882 528
59 342 578
518 622 243
5 254 483
597 730 53
433 618 833
620 666 328
15 638 57
61 245 969
599 684 118
59 650 214
523 917 7
764 973 871
84 882 959
50 501 519
105 531 641
52 497 139
108 758 585
863 939 378
681 736 544
396 827 122
26 641 56
45 686 168
229 660 717
197 846 37
697 987 395
554 948 760
739 742 451
224 996 359
169 338 526
150 769 481
141 815 262
263 646 752
393 455 869
158 268 566
452 711 596
414 922 670
71 954 604
442 800 273
623 786 259
580 952 276
23 776 250
316 638 221
526 571 875
104 190 666
184 1000 51
16 90 483
254 478 440
535 550 892
705 724 603
832 988 201
191 349 911
135 268 718
15 756 433
607 623 687
166 478 747
350 395 257
426 728 544
248 461 704
527 730 356
108 201 217
621 765 630
97 184 861
439 709 735
413 472 310
190 213 510
67 899 297
823 942 825
301 740 935
197 411 793
503 808 302
145 738 633
511 982 657
720 880 898
59 998 737
212 313 590
273 519 183
105 396 539
768 769 834
146 438 113
111 568 952
186 353 646
26 864 845
154 195 476
563 677 886
141 270 9
698 900 586
326 973 716
437 710 893
404 722 528
114 341 258
204 668 846
615 624 239
297 729 844
262 357 758
871 895 475
946 983 346
197 651 991
391 552 704
494 632 275
795 845 473
423 516 955
74 638 691
52 229 274
851 860 636
1 126 813
276 432 917
62 368 946
30 692 837
714 998 227
548 817 19
755 961 767
440 697 983
202 824 76
166 770 424
392 572 860
335 708 435
284 634 549
85 204 598
565 743 159
433 494 13
343 534 802
356 637 205
588 734 117
456 601 425
21 154 516
824 857 291
204 400 938
42 311 934
232 460 471
478 786 519
27 803 207
49 868 546
35 729 136
415 456 324
204 940 790
351 961 280
423 658 43
603 881 115
35 678 79
224 334 920
92 909 150
203 658 504
807 989 178
609 830 537
576 962 255
337 389 709
514 991 371
125 724 110
36 836 462
310 464 810
220 643 750
259 563 232
467 982 444
238 948 998
140 234 388
214 353 692
110 262 788
290 305 355
473 599 737
185 938 289
37 46 508
132 871 847
652 704 676
144 685 760
191 558 119
839 953 714
224 966 43
435 962 400
295 735 304
334 846 231
353 605 56
709 898 235
85 365 387
124 851 136
253 508 567
291 569 917
91 948 329
243 726 78
681 692 106
79 702 688
510 577 914
157 246 366
875 890 308
52 476 980
107 276 175
187 802 738
385 958 501
524 744 824
327 857 631
356 391 820
446 858 225
200 525 496
50 940 868
641 908 513
453 780 895
107 549 576
457 950 444
64 395 584
192 240 624
162 849 761
418 484 720
224 886 812
419 481 142
201 813 366
766 884 465
268 327 479
310 805 840
197 589 55
218 706 601
310 681 429
23 922 964
338 946 557
233 294 187
42 804 901
70 403 700
143 950 60
77 493 405
673 785 949
784 892 452
88 153 632
288 619 586
181 549 635
776 886 933
367 420 417
650 861 938
316 441 330
47 593 871
204 397 972
881 988 297
74 298 173
292 591 621
187 537 64
560 674 219
208 540 614
144 433 209
897 995 288
125 195 128
475 495 100
706 979 392
346 845 777
292 372 395
3 334 533
296 708 778
248 979 475
11 875 943
672 943 588
472 795 617
678 895 822
165 851 496
22 155 584
137 977 156
5 580 821
377 879 661
121 981 393
217 662 903
70 897 377
329 519 670
294 935 831
464 490 247
98 220 71
251 375 964
120 230 75
138 461 597
361 713 734
267 630 207
587 637 832
328 616 334
132 739 866
96 644 138
240 743 739
243 906 899
65 446 456
229 936 356
529 850 331
13 321 662
159 486 144
164 873 529
880 938 894
721 957 374
8 501 189
686 966 642
835 863 923
51 834 15
620 932 863
608 804 718
402 650 616
205 682 990
385 897 788
316 472 442
372 602 368
743 832 442
582 829 98
152 677 899
630 633 651
350 605 657
371 504 129
110 133 375
83 945 49
137 555 510
85 869 385
194 249 84
583 625 509
730 935 228
201 710 255
74 348 41
497 965 947
505 869 712
298 766 445
867 995 132
525 529 564
393 770 534
408 981 541
527 789 14
89 313 579
526 755 604
386 995 308
166 856 599
426 769 153
723 947 553
285 389 737
620 931 922
507 759 956
110 234 154
936 994 780
115 678 189
424 652 666
663 828 964
703 883 745
433 841 660
191 506 323
624 731 103
107 641 554
399 583 544
437 491 560
481 734 644
173 640 358
84 548 73
43 62 726
335 523 236
36 69 289
311 534 282
916 948 96
74 481 770
207 874 857
192 331 749
93 887 815
66 995 796
177 684 218
30 862 647
109 116 956
437 653 985
751 964 517
369 530 33
316 562 172
498 941 413
175 946 343
393 916 426
196 965 120
357 617 938
90 246 604
236 815 82
55 73 852
259 895 34
305 308 993
65 572 914
567 615 691
487 738 537
291 741 561
290 359 617
425 810 991
761 996 613
333 846 719
192 878 649
461 579 596
30 168 229
306 359 423
489 541 303
788 999 596
129 233 653
98 840 3
719 772 686
667 802 620
372 401 578
360 441 153
67 579 892
192 216 7
113 578 456
681 853 143
385 432 970
297 310 365
318 374 434
389 750 281
46 268 986
53 527 590
342 797 839
159 953 545
328 678 455
576 765 282
26 143 345
249 395 935
782 798 384
503 881 710
342 475 69
128 792 739
56 357 485
510 797 992
168 180 673
831 955 99
870 919 583
207 899 772
213 716 506
167 617 37
252 633 209
474 972 578
572 690 517
4 839 720
281 947 781
25 510 317
135 460 402
396 980 234
150 326 388
872 909 799
155 322 56
63 373 851
488 591 351
182 215 361
405 840 290
114 194 196
223 420 599
96 910 768
280 859 260
80 840 826
542 599 778
477 492 395
84 459 803
284 296 259
194 279 278
160 974 227
185 405 236
115 554 346
278 511 500
229 868 66
54 224 639
239 969 665
330 403 297
115 987 146
21 616 256
515 555 140
707 818 225
359 906 866
287 500 490
287 670 934
606 630 691
440 970 106
165 1000 677
63 941 708
619 869 771
90 662 179
344 837 935
825 908 321
134 190 682
612 823 786
86 158 699
631 730 263
173 851 57
619 687 681
158 280 953
87 146 129
261 629 551
515 975 772
509 636 361
458 766 707
165 714 788
224 282 70
556 891 177
596 952 126
103 856 242
136 395 640
7 557 423
636 886 112
233 476 651
143 260 927
438 829 878
669 863 205
667 777 659
85 396 442
157 731 864
581 798 989
514 998 250
877 962 571
684 713 91
754 997 441
575 602 608
200 859 507
510 601 873
295 951 328
268 510 791
120 755 390
28 604 470
158 846 688
42 851 386
507 978 138
588 921 929
491 707 350
165 755 6
61 588 208
280 984 695
812 849 570
792 943 183
559 978 702
799 825 448
798 819 270
766 804 74
492 771 410
114 611 636
6 584 99
61 104 646
228 712 400
295 919 582
107 896 412
787 994 883
627 684 867
369 567 517
25 66 955
170 544 331
463 622 673
168 964 497
429 480 170
112 922 636
600 920 735
273 299 623
626 771 551
588 718 484
425 685 757
520 886 849
63 623 225
669 832 684
709 787 281
467 472 671
325 538 554
114 241 345
733 803 739
274 917 85
133 968 133
284 734 292
154 568 660
303 504 268
31 775 90
108 608 877
396 973 656
248 484 117
348 905 874
248 931 62
372 937 746
873 940 577
216 844 637
12 573 552
70 556 875
161 843 60
511 714 995
347 637 32
314 591 32
900 903 30
575 584 720
597 896 305
373 411 748
376 614 153
601 759 922
306 945 61
236 280 204
435 888 296
494 928 573
993 996 590
296 710 606
559 627 668
14 22 15
713 762 911
181 505 369
168 748 9
758 812 300
376 474 860
410 681 445
251 944 795
61 983 523
271 744 835
398 992 610
238 956 125
74 887 641
117 935 23
140 948 749
415 679 729
713 980 949
13 577 65
41 291 19
294 736 773
595 933 828
118 307 187
104 563 13
157 599 79
817 886 117
654 693 763
40 997 772
133 937 234
301 333 451
212 291 970
431 724 801
824 827 232
254 375 547
802 909 239
290 833 951
631 775 290
272 421 205
20 661 437
831 973 30
372 776 337
28 205 563
14 392 277
643 869 836
7 490 306
148 973 309
348 452 733
224 730 369
388 563 684
195 670 264
243 315 663
768 945 898
825 832 602
109 903 236
422 726 282
243 343 382
436 672 7
597 914 62
323 856 103
270 881 997
622 906 507
94 750 797
455 556 189
306 847 540
258 725 359
527 751 177
246 667 184
80 111 9
446 842 747
158 383 58
714 916 53
626 754 85
305 854 814
202 982 216
297 551 33
337 338 543
669 732 78
376 925 769
68 947 655
949 982 472
952 976 358
355 553 692
299 795 474
746 865 586
770 824 682
475 532 11
253 815 845
550 613 884
438 606 960
58 303 409
557 870 916
811 874 757
150 375 398
44 270 638
156 445 116
504 507 373
452 686 574
399 929 843
453 462 640
695 835 621
319 493 737
226 303 23
134 689 290
122 364 476
30 301 724
51 245 942
626 749 722
346 598 398
368 650 867
259 973 1000
16 566 972
388 658 999
832 947 90
390 767 376
669 725 229
446 630 841
217 802 901
13 348 445
327 405 678
96 135 311
400 815 845
311 993 492
131 218 565
135 276 571
759 852 254
65 203 859
105 526 188
342 662 631
53 801 518
662 753 939
459 508 434
224 583 874
406 435 820
279 622 841
249 475 45
279 881 340
666 946 180
95 124 74
222 652 302
351 605 17
209 294 113
837 940 410
21 171 403
288 717 974
715 829 982
38 468 799
648 979 578
149 191 483
526 532 179
177 654 151
749 935 467
34 445 398
242 876 617
224 751 62
614 774 63
152 561 23
173 580 81
283 396 767
397 924 633
380 565 571
859 967 761
548 556 376
132 984 742
424 657 566
37 387 363
176 583 60
