1000
67 248 735
34 979 94
189 565 152
543 694 372
357 367 269
252 411 486
561 595 618
526 543 66
323 416 391
522 846 825
101 872 252
172 715 301
736 977 551
499 877 271
84 273 64
346 532 792
536 636 599
773 881 183
153 664 630
207 469 431
562 708 186
508 971 196
18 677 193
301 396 241
446 837 341
348 851 649
75 941 482
280 409 709
12 90 913
35 267 728
737 933 127
166 727 609
26 74 685
28 748 588
412 883 982
519 698 562
542 745 319
417 456 151
15 920 661
332 556 720
43 419 761
119 724 415
180 584 604
133 702 948
703 749 807
635 683 499
829 839 965
12 851 188
734 860 886
677 740 339
125 935 236
420 659 147
63 497 66
47 988 997
105 587 322
198 536 306
90 433 950
18 178 805
5 72 947
377 715 697
65 204 260
360 919 216
342 795 397
717 965 309
222 317 683
226 800 676
826 847 903
8 194 667
178 782 881
622 813 167
382 566 633
274 381 548
147 761 524
60 302 249
207 425 650
580 949 198
28 268 419
446 519 938
6 936 62
365 589 100
87 896 498
295 907 839
31 925 623
70 189 977
219 661 34
308 834 564
866 948 828
79 897 847
45 881 583
503 993 616
275 788 337
230 785 20
121 356 162
303 574 51
435 750 495
562 600 809
488 944 927
440 947 893
25 31 827
7 475 229
211 708 712
111 871 326
439 940 924
420 969 982
552 663 824
45 326 929
241 411 888
607 960 696
162 213 357
552 949 122
510 701 363
314 392 994
730 784 336
255 799 488
128 348 986
354 572 229
27 156 719
660 938 686
302 695 240
34 765 298
481 528 110
65 209 555
327 943 74
302 401 97
32 117 35
570 765 823
403 526 426
743 766 624
88 908 132
218 531 303
459 807 702
334 913 906
302 371 414
221 353 505
416 609 21
232 981 535
139 387 884
835 958 164
607 668 756
316 377 531
266 514 503
495 981 732
137 823 351
121 256 181
430 864 438
793 988 245
15 931 186
306 613 291
306 464 60
634 869 852
500 787 796
823 953 716
71 948 984
483 736 494
229 460 483
51 996 666
96 287 232
445 676 243
360 388 521
85 638 521
825 943 386
442 466 618
149 493 236
8 719 188
267 606 608
203 963 8
151 724 105
171 250 759
47 551 368
159 996 899
333 674 798
415 848 576
307 891 86
429 692 254
263 840 986
136 530 62
159 907 78
130 627 894
209 766 311
540 575 822
89 416 170
238 515 156
847 915 906
575 640 143
136 431 402
217 260 610
164 261 986
26 290 110
335 348 520
107 213 654
403 776 474
117 404 658
182 592 885
602 947 239
344 991 950
225 972 241
196 315 30
67 558 367
715 990 660
594 805 80
7 402 816
393 522 764
20 879 86
497 590 419
186 564 973
171 926 542
271 606 39
823 925 457
257 484 728
811 957 45
188 660 94
300 446 650
270 610 642
681 781 882
573 807 447
466 613 835
219 423 507
517 901 157
651 835 197
410 991 933
431 747 534
327 330 731
19 90 453
574 808 262
269 478 861
91 572 937
498 534 492
562 995 642
17 286 145
107 762 137
173 659 717
99 247 948
908 985 555
395 758 130
198 249 307
23 486 507
579 718 330
253 647 229
18 674 75
207 234 637
503 879 177
662 778 897
413 744 357
226 419 330
529 848 219
303 549 667
144 498 122
606 838 932
426 772 657
872 876 260
676 999 186
617 841 753
802 845 469
159 344 933
56 599 718
163 797 226
764 927 874
177 681 156
141 846 362
475 908 814
518 624 847
78 219 938
736 953 842
376 567 254
95 636 842
156 400 6
194 863 566
820 959 768
384 747 335
829 951 769
243 438 983
56 147 601
610 710 171
20 310 412
80 233 834
337 734 199
601 810 75
661 668 249
49 856 698
216 247 135
127 483 116
657 810 620
58 841 969
335 381 573
904 925 416
100 568 906
527 869 765
117 475 673
508 964 290
778 781 492
161 773 731
348 641 405
331 597 570
619 774 972
13 385 637
568 584 740
348 816 26
689 980 413
19 897 226
483 920 243
175 514 295
149 931 984
900 941 335
335 840 170
447 642 488
2 839 847
188 638 459
483 886 860
245 635 632
448 659 470
505 998 794
270 824 522
272 449 339
148 220 216
82 424 19
51 907 702
391 857 142
462 662 37
314 393 515
76 131 455
186 574 939
192 575 895
172 765 685
172 983 171
108 643 519
289 319 366
539 603 164
886 950 966
317 393 890
561 747 804
601 774 796
147 822 286
683 792 939
446 710 161
342 919 804
187 978 533
134 867 801
212 391 949
23 441 819
335 379 719
504 957 75
69 427 475
87 822 909
324 631 524
5 623 507
515 942 319
224 443 831
296 984 698
193 624 982
13 421 240
309 894 713
74 213 482
131 806 824
408 417 760
249 841 771
311 938 846
183 970 786
103 179 918
182 262 412
159 888 838
478 685 264
279 580 208
138 315 884
729 866 352
401 923 750
400 626 39
42 927 192
168 750 751
802 885 998
327 946 212
681 784 437
707 784 679
152 401 549
363 887 700
272 858 633
319 956 449
621 748 729
751 921 826
47 550 307
34 687 817
502 888 735
324 804 748
311 770 178
256 524 919
265 283 781
8 445 123
65 188 773
38 73 513
386 742 499
342 947 892
456 894 357
471 789 269
22 573 560
726 789 260
731 897 683
199 879 346
791 875 114
13 231 855
456 604 312
425 839 114
343 977 662
381 794 418
438 975 849
75 899 830
524 836 273
732 999 614
365 822 858
193 967 527
10 544 296
306 439 383
449 881 62
141 583 958
188 550 642
814 854 116
181 475 456
349 533 367
279 846 640
859 936 706
312 405 945
332 1000 588
42 661 884
160 968 959
345 508 756
109 363 221
864 928 120
209 285 453
160 807 892
811 945 563
198 341 361
540 602 271
635 860 236
441 691 363
420 855 79
100 848 964
860 890 129
97 702 843
65 152 270
619 721 579
490 903 604
303 991 780
632 888 191
661 922 321
549 887 181
334 863 145
740 742 321
78 965 313
173 547 286
139 671 409
246 780 868
207 324 403
197 553 453
828 992 905
334 963 601
148 645 397
735 835 686
171 957 131
26 72 595
801 938 83
681 684 929
233 277 740
270 946 601
720 801 627
97 294 661
81 985 333
702 864 232
119 726 834
312 450 812
646 859 195
673 991 367
78 216 775
428 511 441
612 683 349
25 637 526
155 954 189
601 670 854
104 962 164
553 771 791
61 556 745
156 256 112
109 480 846
330 543 91
131 897 355
316 606 742
480 820 73
7 603 409
161 367 564
756 1000 240
262 559 256
215 517 374
695 799 243
627 637 730
570 743 696
494 567 892
464 518 848
799 838 406
201 757 548
41 841 4
278 339 130
675 989 646
66 723 62
456 517 216
532 654 802
148 955 771
429 814 916
106 589 583
308 989 598
165 884 319
849 995 117
387 454 922
191 928 462
452 736 478
70 179 192
684 955 450
178 336 122
110 879 604
55 184 512
82 135 62
12 350 579
90 650 465
399 558 439
542 602 363
279 656 786
525 664 51
626 731 300
96 134 512
427 878 820
135 433 512
72 111 73
664 883 795
102 253 769
113 726 94
510 592 725
292 739 472
186 362 659
573 878 334
371 810 633
544 904 569
391 745 862
267 935 566
34 934 843
115 305 30
263 563 934
635 919 595
262 745 698
125 585 830
471 701 145
761 877 988
647 734 50
30 740 904
490 829 314
803 932 871
66 136 795
104 363 346
51 356 495
714 748 659
807 869 545
96 927 319
304 952 943
302 407 460
32 119 532
386 690 283
47 65 792
217 302 481
18 969 237
113 461 835
403 897 793
452 550 528
235 958 206
291 992 498
80 673 915
286 677 527
240 807 539
151 453 358
502 507 700
451 631 687
54 560 654
109 699 280
295 830 694
84 783 771
408 465 560
192 440 966
28 726 459
22 444 752
177 389 650
223 786 831
453 464 127
115 209 165
444 757 292
305 345 455
168 751 610
137 608 399
413 787 204
380 874 60
168 894 438
372 454 695
564 680 23
656 723 802
169 561 206
591 594 710
212 881 923
319 959 869
506 658 64
99 257 633
228 507 959
267 673 108
34 543 120
146 453 197
169 892 282
32 36 130
316 868 526
62 320 836
302 316 822
490 563 989
312 643 517
669 729 804
83 645 938
213 845 482
456 974 372
403 925 531
282 854 779
50 410 314
527 860 940
236 497 560
260 897 27
62 525 648
417 854 471
126 448 322
532 821 112
239 675 738
342 614 237
4 398 475
425 727 941
672 688 643
32 607 212
623 997 284
336 785 69
598 685 648
457 678 286
474 899 382
79 232 25
64 351 559
417 545 1
173 396 652
204 272 484
301 768 801
340 986 215
8 800 152
31 312 147
113 525 828
789 908 671
582 701 55
777 989 293
66 268 808
391 561 14
200 474 69
5 191 314
479 776 328
405 629 804
281 703 159
216 592 529
221 837 318
587 720 285
234 776 203
312 978 700
7 647 335
19 205 424
186 870 190
299 717 658
49 818 540
174 666 529
286 944 261
485 891 416
860 921 25
523 843 815
95 269 42
728 950 932
868 934 523
504 869 213
395 982 279
417 882 599
98 261 207
613 706 380
62 779 289
296 719 243
179 666 5
59 112 482
180 932 493
234 281 319
396 568 369
238 321 32
263 296 910
51 990 938
93 627 513
336 456 752
328 700 797
367 773 162
725 915 127
432 586 352
501 676 365
229 885 728
178 713 290
91 892 764
220 920 863
26 821 317
337 732 823
569 813 151
358 810 45
72 883 621
258 351 386
424 744 956
396 551 757
489 826 514
19 233 113
256 516 906
304 925 662
269 337 578
408 907 220
636 869 192
394 990 453
736 879 932
718 947 631
409 487 783
18 885 628
22 853 902
499 616 693
305 743 319
658 805 272
244 988 589
316 481 510
623 940 583
546 821 672
679 991 857
35 185 969
58 378 341
636 799 722
215 416 801
239 302 574
270 830 132
92 220 82
185 998 677
470 961 106
435 922 51
242 800 150
599 892 33
112 829 26
379 409 117
190 339 15
270 459 463
189 521 386
138 857 1000
466 698 456
251 816 1
656 918 51
401 505 659
253 852 850
302 843 582
124 145 386
838 920 681
513 733 895
540 818 821
130 618 1
493 838 99
379 472 42
294 953 182
338 664 131
209 800 7
464 882 996
594 760 240
173 507 606
108 208 930
934 986 429
631 676 281
447 893 972
585 852 200
567 604 998
183 855 828
421 590 942
580 729 831
471 482 991
451 519 836
440 884 300
115 946 708
589 742 118
607 621 440
150 358 474
76 654 244
367 377 372
68 785 286
306 755 78
202 928 110
189 986 447
413 786 490
334 613 152
768 783 398
436 693 937
581 757 675
204 264 334
449 727 69
636 649 633
414 887 379
327 722 846
203 960 591
275 463 870
243 451 605
25 564 894
5 235 545
467 804 734
468 587 514
27 476 715
584 739 7
91 981 440
458 496 86
648 768 685
463 577 986
139 919 742
553 645 662
443 618 61
227 275 931
143 561 532
188 414 422
300 704 936
692 798 550
695 853 553
4 504 441
31 961 86
496 959 976
232 868 509
832 951 448
425 615 961
604 677 424
463 475 756
376 499 114
182 369 117
37 594 157
240 546 73
24 591 388
905 958 148
501 616 739
379 773 890
550 912 28
36 640 27
393 527 779
598 908 619
287 943 26
327 882 482
399 609 189
59 964 137
315 318 748
23 609 686
563 596 552
380 792 828
93 765 214
228 836 927
881 950 826
38 717 715
498 510 783
7 194 878
634 818 406
588 643 9
219 440 746
517 625 621
574 610 219
146 757 141
20 174 782
209 275 505
12 826 588
324 612 846
489 882 261
363 627 925
152 572 421
526 914 424
360 959 228
325 691 155
307 856 204
513 517 102
218 261 38
330 731 815
312 834 995
423 598 938
874 924 239
122 857 181
344 467 491
201 590 733
227 271 880
31 647 730
199 845 866
273 356 90
187 762 575
207 247 968
112 347 965
19 761 871
465 525 818
50 225 635
495 921 532
121 332 114
451 479 347
288 837 951
22 394 890
720 803 971
48 224 575
130 567 991
776 984 167
729 856 487
215 253 558
2 640 788
186 485 856
481 745 956
328 814 970
103 697 809
92 627 652
298 797 39
209 238 806
816 850 691
234 587 338
271 962 131
742 931 865
321 325 647
530 627 446
941 983 714
656 841 422
308 500 640
700 822 178
481 520 482
78 666 673
59 878 707
84 450 552
285 629 944
605 864 174
91 650 903
231 386 684
101 231 29
718 944 333
19 454 876
45 570 64
446 523 296
537 994 165
75 879 139
582 638 807
313 854 323
10 930 382
191 861 627
568 732 282
611 798 411
101 884 889
49 281 375
438 949 618
171 778 445
61 402 509
110 877 613
805 819 422
76 901 890
337 439 737
689 858 138
541 793 725
232 667 15
413 634 858
606 801 258
90 648 59
20 691 409
376 777 729
31 477 106
430 661 260
208 337 752
9 384 806
863 954 698
185 199 338
224 683 985
30 441 749
328 729 650
472 516 920
53 105 265
453 975 551
424 935 507
582 932 616
142 817 654
59 265 74
270 389 459
592 932 718
74 778 712
189 490 310
468 679 223
70 567 917
381 686 360
367 623 273
27 352 307
601 779 285
125 681 778
18 37 180
5 313 8
222 428 752
722 972 890
255 300 871
403 899 492
151 225 985
253 731 825
922 975 117
792 849 608
224 446 160
169 339 82
745 780 153
40 448 407
746 750 268
340 371 679
537 649 159
296 761 5
542 666 29
68 261 215
16 775 717
399 524 940
186 187 282
538 916 124
444 759 994
430 582 368
295 380 489
685 948 801
628 720 195
12 418 502
716 974 650
202 816 521
115 497 678
163 427 493
581 756 446
68 985 901
103 139 406
327 572 136
150 675 969
372 631 239
263 384 214
159 563 747
113 833 979
241 276 930
341 849 854
401 484 969
539 794 63
591 717 881
81 380 922
177 801 140
252 483 590
220 833 912
630 712 637
89 138 225
165 357 136
173 794 680
657 981 23
182 1000 142
678 941 506
498 577 690
515 576 540
459 886 835
69 507 908
394 919 984
44 815 411
637 655 135
191 772 894
286 884 338
857 984 555
207 274 360
250 307 623
16 423 463
50 250 943
165 667 525
115 992 642
68 490 366
720 937 933
314 822 175
418 856 691
605 881 267
383 561 721
422 899 258
272 524 450
96 320 162
655 704 367
180 736 140
113 515 382
149 299 638
565 755 662
87 115 462
368 991 392
173 695 617
81 463 938
410 987 340
506 692 275
510 987 804
539 663 738
313 723 570
373 565 782
63 297 944
30 546 698
513 516 940
143 449 239
19 207 155
619 722 993
252 741 980
368 490 173
322 407 270
486 546 596
47 123 459
40 235 682
528 576 80
287 334 815
126 482 718
245 464 49
448 894 932
158 584 694
451 478 144
427 601 179
262 309 381
500 800 325
374 777 537
257 427 240
242 683 649
168 681 202
25 800 794
360 433 370
33 381 690
159 469 865
267 956 630
270 493 878
781 991 762
635 908 156
484 944 438
639 972 404
30 380 986
734 976 464
165 475 231
206 605 589
674 819 582
610 693 664
639 802 342
553 691 563
490 998 183
259 898 146
329 572 589
184 281 793
117 645 612
461 472 914
264 288 489
304 765 321
398 943 337
615 616 512
418 464 551
316 483 489
361 542 447
616 806 998
308 847 290
75 588 321
44 533 277
214 796 419
31 190 756
236 616 821
392 940 740
357 780 280
196 398 967
775 956 402
85 756 890
262 962 838
444 929 349
60 933 718
186 728 146
479 829 138
48 713 902
121 901 688
254 683 755
384 715 648
264 817 927
56 179 835
19 41 37
584 713 747
89 173 105
208 813 711
601 778 223
74 650 272
296 384 609
156 948 749
251 382 108
18 949 31
9 654 658
532 574 70
40 788 224
238 731 686
352 518 310
64 138 473
213 807 355
534 774 947
109 551 937
313 994 114
316 391 759
796 921 785
37 299 724
245 392 894
12 31 301
185 936 215
27 634 426
519 761 102
171 535 799
63 525 219
174 366 448
175 659 45
383 540 467
940 993 631
360 519 66
550 852 983
23 716 779
335 590 663
46 535 21
218 621 574
483 722 19
301 571 62
523 737 942
382 745 861
194 784 434
216 712 782
270 421 732
55 914 335
226 528 131
85 347 211
359 844 728
485 529 653
113 593 931
106 272 694
751 891 29
133 198 193
92 879 908
165 245 889
313 578 291
100 926 115
294 810 253
251 395 28
221 303 27
490 720 699
199 760 519
184 559 652
597 933 406
822 970 582
128 738 623
650 826 157
227 977 60
546 891 565
144 395 756
404 949 981
97 429 676
128 959 778
92 96 497
137 935 926
746 997 56
380 683 512
306 514 845
550 993 311
755 849 61
171 640 250
86 686 258
488 796 985
362 893 337
492 828 412
300 443 221
181 217 832
530 984 799
115 460 984
133 725 526
163 578 962
350 704 737
742 810 599
526 711 928
730 802 319
582 707 288
643 937 21
310 902 310
246 512 157
565 916 951
185 472 540
77 794 356
195 723 564
630 725 453
281 990 68
804 850 874
18 219 777
288 651 554
921 986 485
151 981 736
605 794 373
911 975 114
454 878 63
476 722 773
536 979 314
153 753 842
9 885 922
49 896 994
675 852 362
624 828 130
588 991 681
346 542 905
67 136 509
169 803 659
348 523 884
89 673 823
614 645 275
16 388 670
93 234 204
6 320 92
615 882 30
508 679 39
269 895 529
199 514 67
302 859 352
166 713 591
25 491 849
758 791 960
870 893 996
14 941 896
664 718 132
496 986 114
245 753 667
83 138 103
289 543 900
107 752 234
157 512 122
148 197 200
667 739 518
195 226 192
103 469 844
505 958 839
180 598 917
42 595 684
538 892 341
423 466 871
37 904 409
480 635 55
724 726 830
124 426 900
345 435 580
76 261 722
243 268 123
47 644 372
194 856 740
33 94 181
808 964 668
642 752 191
156 284 638
195 318 888
751 989 96
403 429 102
29 187 867
468 653 227
475 591 970
189 309 934
137 202 801
601 813 870
229 596 895
640 767 512
134 745 207
411 916 47
166 222 814
8 200 924
209 825 326
636 864 720
268 650 853
916 954 293
213 770 977
17 31 369
791 943 938
61 206 17
347 653 214
343 804 980
217 496 24
45 730 56
248 282 497
637 768 864
340 490 313
343 917 165
754 776 628
615 841 610
124 804 874
219 536 976
127 947 870
449 807 937
210 957 325
440 970 376
93 912 118
295 628 54
688 740 809
36 336 755
318 521 970
62 382 345
431 874 140
208 339 332
890 915 753
64 983 347
772 997 521
183 470 478
42 710 602
703 783 982
271 947 567
351 825 499
293 568 772
246 584 525
156 352 982
123 255 695
476 965 698
293 649 404
173 931 450
232 293 322
8 812 717
53 265 329
415 779 952
809 820 286
126 895 250
456 839 757
722 970 660
377 459 449
365 410 749
745 976 152
247 922 732
109 917 780
335 767 929
240 859 983
245 486 376
451 635 734
737 886 621
365 845 930
495 610 248
616 789 138
176 642 854
603 877 378
101 584 188
555 799 277
225 292 985
79 129 307
393 528 940
343 773 257
200 375 345
497 565 2
98 780 135
376 918 170
253 464 323
772 842 61
20 951 918
186 310 955
237 956 822
642 918 507
116 975 597
719 848 176
16 426 258
251 864 501
103 707 318
342 409 785
691 856 142
13 413 758
371 552 813
691 969 775
108 907 619
394 593 870
397 622 91
131 907 336
86 124 733
15 176 491
122 832 382
138 557 234
69 711 540
209 752 961
117 380 32
174 749 140
31 684 7
787 918 396
757 908 498
155 192 180
308 994 169
115 708 129
79 801 358
481 498 458
83 290 822
305 812 74
745 750 98
435 526 476
623 993 408
611 937 660
117 176 461
465 695 978
157 793 965
112 528 215
296 727 13
909 923 352
125 374 246
253 801 100
129 489 801
104 559 447
440 625 483
354 971 429
245 574 10
400 823 639
30 665 257
119 638 72
67 451 216
58 130 854
281 609 734
409 596 296
17 827 542
200 335 790
94 827 908
310 788 481
521 635 111
663 784 378
142 717 58
685 713 671
618 764 104
364 692 580
186 512 85
263 644 959
381 739 198
40 657 229
882 904 565
350 882 616
385 798 192
118 510 39
485 645 463
570 605 800
700 924 91
652 799 83
669 919 944
467 547 120
618 995 624
468 959 126
588 984 89
50 299 612
326 452 226
93 455 692
61 169 551
734 737 614
268 453 421
112 350 415
117 720 683
222 791 48
11 698 63
286 624 751
71 566 483
240 754 469
314 857 412
176 842 586
16 163 515
35 129 742
219 940 305
141 620 443
440 815 26
211 320 206
483 832 447
516 886 806
186 480 322
483 574 357
358 738 274
50 691 430
383 821 635
54 77 94
345 434 3
591 609 695
122 708 435
12 842 161
635 910 490
526 595 200
264 998 225
178 596 775
330 619 886
208 835 951
485 981 857
817 936 317
341 474 341
536 560 353
169 201 986
131 133 976
429 920 132
142 263 229
438 622 617
442 613 111
558 911 522
250 262 27
438 537 871
404 665 112
61 318 108
291 809 182
575 821 584
121 365 466
103 133 710
340 713 76
141 424 266
70 342 324
222 557 869
403 1000 972
125 318 45
776 872 652
287 864 723
76 757 626
189 946 715
64 953 947
160 696 924
341 600 50
125 241 876
107 906 826
55 746 864
225 731 669
376 601 366
78 424 574
975 986 272
467 927 528
11 465 673
160 868 959
604 615 12
146 331 785
19 43 338
544 730 111
695 713 349
312 910 20
13 906 461
164 522 92
756 888 832
652 807 363
545 849 309
4 226 436
133 386 421
373 781 151
299 934 674
450 518 518
623 633 663
442 662 951
4 369 984
286 799 3
602 644 972
653 941 623
398 568 180
527 613 501
822 927 747
163 270 190
473 746 840
245 406 926
177 222 892
692 715 141
130 870 645
202 379 853
594 937 975
758 860 334
63 702 52
232 762 501
533 954 792
239 473 964
42 871 723
617 745 248
245 680 150
375 745 395
841 913 670
54 966 510
241 717 131
901 951 515
550 842 604
341 651 590
120 412 58
103 621 110
294 386 282
65 586 110
168 897 875
243 455 358
251 976 450
324 524 204
129 618 771
213 276 607
68 521 483
248 953 408
172 735 703
217 962 233
191 412 346
152 595 584
672 950 26
507 793 292
246 486 77
66 792 685
381 913 188
627 937 602
848 970 202
575 649 458
29 268 478
412 675 373
443 735 104
64 232 546
840 857 183
294 522 47
23 72 475
357 836 877
140 228 408
322 707 936
269 968 416
163 349 745
149 658 441
219 722 939
344 469 719
19 846 387
425 619 63
482 524 76
563 781 203
103 124 207
250 528 123
24 595 701
81 614 362
63 722 792
11 895 20
292 876 176
645 928 106
287 939 498
664 914 470
243 783 859
244 468 579
483 692 955
211 645 975
237 637 567
443 470 536
29 657 400
30 218 788
318 337 872
105 164 690
267 917 995
34 120 710
436 772 387
91 230 241
20 170 621
353 563 988
596 905 137
621 714 386
363 742 555
107 521 486
12 901 489
419 925 481
634 961 493
200 780 51
481 593 938
522 729 487
27 301 834
639 664 327
575 728 222
204 532 871
174 782 525
247 940 210
51 65 721
127 298 310
580 1000 487
156 668 465
493 572 466
236 466 656
274 563 860
495 711 246
313 943 356
740 962 763
193 385 987
165 811 764
120 826 582
202 288 894
649 743 410
173 225 309
192 485 279
33 935 632
658 766 939
435 779 315
7 495 52
120 246 333
629 955 686
171 383 788
123 541 257
172 867 384
85 590 839
638 826 114
267 526 511
340 448 777
220 998 362
316 741 696
134 306 69
323 503 799
203 797 576
8 285 871
339 958 562
502 779 123
30 754 413
522 874 419
94 336 174
42 183 103
133 284 854
494 569 23
827 981 618
151 872 198
501 717 568
30 831 10
473 834 301
244 571 432
210 631 730
265 590 535
389 725 449
94 177 655
321 679 902
692 978 750
307 372 217
135 602 4
301 366 622
179 942 100
3 252 127
741 800 889
358 855 885
418 701 988
93 125 212
754 921 960
336 990 985
210 955 110
193 655 331
157 625 916
358 466 700
386 417 585
414 467 574
422 974 829
86 571 506
289 795 751
257 293 576
497 920 77
388 1000 354
25 946 456
582 966 475
177 607 201
513 901 79
484 960 4
86 884 133
424 939 386
77 847 772
380 557 215
397 584 861
18 383 179
40 731 252
574 792 7
136 206 277
264 899 584
513 720 895
424 713 143
591 779 387
192 677 243
639 707 335
713 953 330
133 368 422
665 925 647
222 400 692
134 858 382
66 932 19
311 586 169
403 903 894
122 127 57
571 702 954
594 757 237
482 775 621
464 774 282
473 632 540
701 928 214
740 922 67
62 746 527
835 934 201
361 767 457
178 671 610
348 787 319
849 850 723
101 741 346
671 681 171
124 842 88
585 808 82
880 924 749
438 772 607
188 827 748
42 106 847
92 415 257
702 960 22
426 711 896
429 464 198
434 550 715
183 225 766
439 795 252
85 947 537
414 463 50
328 908 883
42 902 43
480 711 131
362 770 203
573 795 971
479 636 314
642 916 974
521 605 789
320 778 441
501 758 250
12 787 263
369 428 99
42 474 331
246 682 669
302 872 523
657 687 704
713 891 523
255 904 517
648 950 164
332 391 140
540 764 347
217 961 308
159 994 848
276 718 762
105 660 817
190 799 757
161 523 965
40 868 581
499 777 680
322 574 196
558 597 434
389 668 59
1 760 621
2 339 241
114 783 30
631 790 851
220 752 979
297 390 726
64 439 488
250 430 161
65 456 296
650 825 737
853 987 612
325 338 192
396 643 371
346 498 577
399 620 620
388 755 693
158 925 738
231 761 763
400 597 463
150 677 140
21 395 912
100 496 711
430 721 805
475 952 89
646 769 397
759 904 999
685 805 977
85 681 329
391 670 591
752 986 942
915 992 800
422 752 137
530 761 714
273 608 263
293 621 393
475 838 313
441 986 124
150 818 559
254 742 744
648 963 853
223 381 738
243 595 765
9 15 30
32 376 780
323 427 644
414 630 763
441 956 914
665 980 764
208 857 520
15 150 351
316 919 138
86 265 768
127 503 927
27 221 123
49 901 360
485 869 95
490 529 313
290 885 344
565 955 646
170 719 938
587 607 645
148 942 208
735 938 621
352 705 669
64 245 155
191 804 679
239 860 163
27 872 343
191 949 302
213 589 471
149 693 236
728 954 429
131 871 971
334 354 585
245 333 960
28 741 556
269 717 69
202 688 432
611 962 816
27 551 586
603 964 824
73 421 408
590 706 549
258 273 925
93 983 125
444 491 982
237 719 412
54 62 823
833 889 415
483 544 724
31 282 533
152 417 926
171 399 621
444 921 738
216 788 966
472 702 471
772 915 84
119 354 664
599 948 223
301 657 106
290 354 929
219 264 57
636 940 207
6 366 662
209 370 23
489 514 829
263 746 616
320 399 962
640 754 272
200 809 195
294 919 112
528 883 77
19 348 48
114 738 190
122 803 190
94 115 26
203 297 875
97 159 61
46 208 197
89 563 271
953 966 682
370 848 64
44 529 207
136 988 559
603 770 244
13 266 40
182 387 242
461 760 333
340 715 1000
442 855 887
272 283 856
23 966 157
235 420 679
36 339 34
483 894 865
85 926 414
586 897 921
119 691 763
682 723 536
578 896 53
565 823 161
132 470 134
119 326 619
164 967 976
642 723 455
366 485 109
425 501 89
856 943 68
713 862 918
109 445 74
756 932 16
208 914 451
803 941 575
352 845 1
117 579 493
412 443 151
144 569 663
181 754 504
441 605 931
109 880 99
812 843 811
136 444 828
486 538 971
325 936 370
493 610 909
97 985 361
338 549 452
377 441 441
359 377 206
33 279 670
236 283 413
130 424 388
331 617 897
541 726 2
697 840 692
585 815 950
76 934 130
274 794 216
210 924 294
374 939 489
430 873 111
720 849 69
225 313 202
287 945 340
474 712 723
631 821 979
58 395 912
410 524 447
180 922 604
480 728 951
121 730 997
349 954 417
530 771 269
21 328 685
738 970 129
47 712 838
327 712 84
385 533 923
99 697 483
587 604 715
178 651 844
420 732 76
203 804 269
419 995 540
167 321 890
263 818 156
269 433 287
458 506 692
309 787 753
192 642 387
657 968 824
71 122 341
53 411 822
57 984 562
316 867 494
657 857 114
535 664 538
203 403 355
847 922 84
518 590 720
334 843 318
351 811 549
43 618 779
766 846 993
745 945 867
504 993 472
109 630 291
455 654 111
79 802 251
504 848 93
545 718 619
168 231 89
84 955 832
24 550 217
54 646 148
475 511 193
447 637 851
435 817 382
529 909 911
56 725 959
219 867 639
116 153 120
101 331 351
768 882 707
859 928 946
439 540 683
599 802 967
587 794 522
453 864 261
440 449 24
321 450 237
160 960 206
358 551 86
180 259 115
553 815 749
492 621 29
475 857 582
186 668 985
99 725 237
319 984 60
378 388 473
216 599 381
398 489 257
215 648 219
200 703 949
94 491 4
259 690 824
243 707 683
605 997 94
696 959 523
83 903 499
29 501 467
51 165 979
809 881 84
352 996 806
298 502 6
62 359 809
622 799 948
477 820 435
848 936 314
451 905 286
628 847 551
908 929 496
156 670 645
179 807 349
149 579 295
277 638 259
92 691 970
58 527 785
184 702 220
81 678 556
173 334 658
508 675 878
151 379 15
378 623 552
129 345 295
336 899 139
64 690 270
249 619 82
119 686 530
154 990 370
402 564 235
133 676 496
244 345 436
7 143 851
599 849 776
203 672 64
167 692 583
665 740 52
91 196 597
293 512 563
63 106 898
618 735 594
730 949 705
80 226 989
652 984 488
303 328 398
308 353 373
290 948 715
130 897 473
38 62 816
921 954 390
412 455 392
312 723 34
383 886 485
394 985 377
37 79 888
826 964 71
369 951 593
101 924 557
157 308 871
196 928 662
433 466 517
576 782 630
120 634 350
412 532 389
473 610 835
93 345 247
40 490 880
101 719 989
527 691 655
16 115 182
576 778 678
330 415 740
752 824 481
16 785 973
449 817 311
215 302 322
154 445 28
107 144 499
34 220 725
141 792 405
141 972 550
595 805 570
7 243 381
358 653 741
79 819 988
16 590 729
149 366 740
33 397 426
108 839 426
16 733 959
314 414 223
391 630 886
142 648 208
808 932 264
189 627 933
210 667 505
199 318 230
756 933 514
105 557 203
179 306 911
53 277 270
38 203 61
669 939 590
618 981 598
450 867 78
91 639 25
388 445 44
88 999 535
127 398 349
494 842 213
193 301 340
140 364 908
87 969 214
473 973 326
120 662 305
247 519 764
857 887 240
515 921 539
473 638 591
465 574 254
361 654 144
144 420 666
165 626 234
25 423 534
808 833 307
750 867 433
325 380 201
456 485 439
681 748 170
82 99 297
444 542 498
249 690 13
35 43 632
20 861 504
58 392 765
390 443 855
396 616 170
419 473 580
393 758 417
458 980 105
108 788 669
458 807 755
280 808 78
445 555 314
194 877 331
128 387 525
293 631 288
21 696 663
160 788 233
786 952 76
73 777 728
473 508 216
20 503 955
156 247 548
583 696 19
200 787 23
256 517 548
424 679 521
339 596 970
182 994 653
221 520 707
131 288 366
484 570 668
52 806 351
990 996 429
288 372 102
951 971 515
406 452 267
675 925 347
566 970 65
459 586 247
147 815 619
374 379 222
183 771 842
98 377 155
11 658 751
110 956 90
282 483 872
286 427 564
296 731 573
597 627 954
659 956 904
590 791 732
945 988 805
379 632 4
16 1000 54
183 372 865
332 914 450
453 734 749
2 550 587
9 450 859
614 998 759
211 996 458
472 676 511
128 496 617
204 299 994
349 782 417
777 965 819
67 229 428
55 604 555
713 789 951
539 621 631
540 706 563
243 706 319
134 631 706
428 848 248
108 316 590
324 769 218
122 567 573
130 697 701
35 875 931
640 647 993
403 739 263
188 347 906
504 544 985
70 787 310
571 794 691
243 913 416
782 972 634
586 603 8
796 824 128
49 613 887
508 990 737
398 580 796
338 381 522
24 916 809
10 747 805
11 702 316
555 957 46
24 515 23
297 625 207
323 753 343
295 591 449
542 724 3
611 679 315
426 669 373
56 754 93
42 973 999
375 579 409
231 543 42
878 996 428
682 765 646
59 854 448
506 897 62
56 976 840
946 973 942
76 435 278
725 810 734
85 587 311
267 946 771
772 925 801
68 686 75
414 950 798
262 762 430
856 981 961
108 514 475
751 984 139
682 817 89
786 787 586
242 331 348
800 923 169
230 998 184
356 549 164
108 454 796
18 986 67
420 858 884
264 437 606
321 676 332
340 384 765
568 739 718
735 793 698
611 775 841
188 204 148
45 725 401
412 900 703
496 541 940
407 643 4
301 508 998
603 772 326
219 543 498
33 983 413
400 753 468
430 786 963
392 801 981
250 809 753
254 785 628
275 620 711
167 650 105
33 674 297
529 741 720
346 347 219
573 756 453
371 900 93
246 816 953
391 851 200
16 591 663
259 817 223
521 550 490
301 610 372
125 894 23
492 551 784
59 592 154
337 790 590
481 835 772
405 693 423
122 599 597
543 627 652
186 964 420
544 734 43
29 154 727
146 470 94
800 935 176
179 418 133
566 594 455
713 958 983
316 857 134
688 891 503
225 295 230
649 864 128
277 971 282
74 505 108
576 875 471
465 940 712
317 835 340
11 536 483
784 792 650
421 741 770
593 860 969
727 957 806
361 764 747
343 948 818
64 477 696
884 895 989
280 741 792
188 822 532
418 847 271
332 649 666
492 910 23
229 287 426
28 862 328
654 702 238
698 886 338
77 347 323
391 913 541
306 747 280
833 950 573
246 796 255
341 632 483
225 763 170
694 935 142
643 947 728
272 852 630
111 211 758
177 969 306
642 693 240
146 427 22
609 831 334
522 862 564
118 407 51
100 166 344
15 633 89
557 712 674
192 644 440
123 508 523
855 935 342
203 405 28
39 619 683
334 841 942
13 140 939
40 246 464
209 917 382
69 373 98
362 385 668
623 782 267
683 685 744
153 938 836
580 775 864
662 869 527
178 446 224
89 617 221
54 533 795
53 974 302
120 913 502
567 809 16
788 938 639
542 761 218
724 772 348
132 965 650
427 643 450
250 766 770
76 569 48
470 769 2
719 726 422
298 670 805
559 889 299
104 833 707
341 540 472
414 776 800
219 432 931
388 931 972
480 964 622
209 250 757
376 661 375
363 767 784
716 719 492
318 439 261
808 996 164
30 666 747
704 868 597
21 957 92
316 547 794
85 234 739
490 890 56
167 500 287
540 882 36
381 960 182
61 962 6
687 882 715
446 644 337
285 538 367
1 831 31
40 835 745
133 454 875
566 804 81
274 668 851
154 326 727
925 987 395
782 892 398
97 880 800
26 188 815
46 187 668
109 745 548
404 625 668
101 681 549
175 386 628
269 889 512
788 991 394
187 464 558
746 801 443
28 736 682
23 806 31
625 740 174
234 255 94
272 464 219
422 561 637
188 691 311
564 762 334
615 962 168
267 949 975
238 424 190
116 524 483
104 972 394
243 763 528
129 549 265
424 947 732
99 755 654
262 763 425
321 349 13
513 863 397
372 852 607
47 992 64
84 679 765
584 724 481
699 741 625
543 956 474
56 508 751
298 345 264
545 840 531
436 463 173
493 746 445
596 621 450
504 573 470
196 787 894
468 984 300
276 369 237
143 704 173
187 560 216
247 908 423
36 779 143
457 474 112
10 938 392
217 506 30
662 690 681
59 491 555
232 997 550
171 576 398
697 817 630
488 670 940
361 656 348
487 763 706
611 996 511
387 750 286
376 770 889
226 755 327
90 737 198
559 765 695
124 512 313
231 860 867
586 829 196
241 804 880
77 438 316
386 445 23
25 235 584
410 567 820
560 815 454
44 80 823
154 560 359
603 707 76
72 409 750
458 958 393
81 221 700
67 414 26
285 459 496
103 725 126
300 507 140
377 800 33
86 904 459
217 719 152
437 466 599
298 904 10
111 412 693
262 630 1000
471 548 878
739 812 150
167 303 87
43 869 616
100 786 890
172 647 759
549 723 497
722 821 35
744 773 747
528 850 651
23 349 884
799 812 487
268 676 409
235 795 44
279 891 501
58 880 533
136 270 774
175 247 334
50 673 81
429 776 746
106 919 976
144 248 187
39 821 765
135 954 724
73 183 895
226 399 797
250 505 637
144 422 707
793 831 695
626 989 36
343 661 343
658 691 291
625 684 256
41 691 160
81 910 123
168 729 507
16 541 337
237 549 421
94 950 84
17 849 846
42 676 969
690 932 683
46 875 560
117 770 303
371 558 347
104 147 89
489 991 705
199 284 442
327 491 193
502 638 930
111 432 808
65 792 527
74 582 730
181 674 762
458 505 236
393 402 188
415 981 300
661 729 437
514 737 666
288 374 177
645 690 228
117 503 458
71 298 110
283 314 548
451 716 264
520 799 303
316 418 63
79 113 192
314 847 309
425 622 61
858 896 898
141 410 735
475 496 500
292 794 213
377 939 215
166 823 890
23 922 164
797 803 894
763 873 230
749 854 255
555 881 459
560 905 656
427 642 273
135 205 541
626 646 287
291 339 757
478 775 923
300 434 517
31 290 877
772 788 973
266 497 118
638 771 439
531 583 932
275 389 805
439 654 21
685 690 629
673 810 527
643 725 192
369 499 917
677 755 281
219 337 176
57 174 96
63 448 912
69 899 257
103 963 469
234 931 139
385 784 12
215 634 476
95 960 137
310 865 296
639 647 439
285 616 789
678 961 825
669 770 718
394 800 835
456 901 406
769 852 450
147 744 826
562 761 52
286 969 658
255 492 592
628 842 199
117 459 21
553 679 533
446 999 628
269 918 208
115 678 315
41 207 317
536 915 449
321 591 136
183 865 313
844 925 998
831 949 380
334 759 589
664 678 344
348 983 660
19 881 953
25 492 516
679 898 82
297 640 476
637 712 143
676 900 709
58 479 580
332 722 461
290 658 630
16 839 605
185 976 901
559 574 320
177 340 592
106 306 425
203 724 76
42 602 897
270 586 199
306 771 558
327 623 147
551 686 1000
651 957 684
341 575 182
863 990 422
445 593 434
347 371 591
96 561 291
366 444 894
729 957 168
583 749 886
656 834 177
406 582 534
8 401 76
56 637 373
561 763 568
69 776 709
511 679 61
207 670 375
92 814 918
459 857 382
499 852 551
432 998 348
265 736 741
238 270 82
38 287 870
62 401 781
53 754 43
19 574 155
80 688 1000
409 414 406
439 640 453
58 959 398
316 507 181
123 995 730
30 850 324
232 644 901
231 974 987
641 662 496
145 551 943
646 975 241
171 547 642
758 997 418
34 505 115
162 290 855
353 693 410
48 133 355
672 847 61
552 757 24
542 976 790
410 679 558
525 962 861
31 341 834
360 405 215
290 416 580
54 137 472
129 870 46
186 313 313
349 963 889
479 916 249
530 682 413
68 893 925
128 442 764
275 445 668
262 853 578
543 748 308
267 545 774
290 642 539
147 247 503
284 420 302
268 865 488
255 915 194
289 459 696
147 981 359
226 870 926
561 743 466
276 678 825
464 590 656
249 424 365
35 805 702
347 795 5
947 984 428
623 647 501
610 802 646
437 774 72
791 859 458
593 944 311
253 722 823
594 750 354
706 736 825
737 798 556
611 805 608
80 811 307
120 776 930
628 672 907
19 824 612
59 359 348
199 354 691
390 525 857
232 849 365
33 768 836
269 640 671
495 984 546
875 918 717
805 943 298
617 723 320
522 592 801
36 371 607
607 740 263
115 218 74
410 520 486
228 434 849
236 874 456
513 671 66
319 381 355
146 997 538
131 509 465
121 847 996
530 895 161
582 588 197
114 128 947
760 882 616
51 657 382
553 823 500
237 838 927
310 946 62
39 80 9
209 448 683
111 322 302
639 908 159
105 637 369
432 667 695
627 736 753
186 998 625
407 434 762
433 851 773
216 413 864
198 605 916
511 750 314
619 737 719
605 782 482
252 730 813
56 437 255
19 299 940
393 482 434
434 534 624
88 117 185
35 686 467
661 954 442
446 968 988
231 338 462
72 681 285
456 584 752
221 344 158
24 780 300
545 706 756
287 349 506
170 921 951
728 931 917
303 679 811
308 783 986
59 131 657
84 822 575
295 676 125
97 421 750
176 820 465
283 968 321
235 467 118
399 762 749
440 905 278
25 49 550
427 645 688
85 993 371
659 814 879
487 761 444
698 776 84
239 360 612
560 793 211
287 806 974
91 417 911
638 945 57
703 767 123
927 999 734
219 434 710
134 185 188
170 229 254
526 638 550
428 557 409
869 948 482
38 820 405
424 616 893
178 683 961
358 773 240
246 314 23
687 982 677
364 849 77
238 974 318
549 746 598
131 257 996
99 149 338
305 534 403
341 432 866
456 992 244
446 533 621
416 728 406
904 931 623
117 458 777
153 900 716
154 503 996
546 949 303
670 919 117
92 655 504
404 627 620
864 892 48
193 564 462
879 920 150
205 633 808
131 874 256
405 407 701
109 912 834
35 134 437
131 763 532
335 891 641
616 995 756
266 862 823
15 889 539
386 941 114
81 981 646
104 626 712
84 552 332
140 714 360
159 190 938
663 766 306
375 604 114
203 727 222
376 981 100
289 994 98
306 768 106
57 382 9
129 793 233
681 852 447
8 598 622
116 927 795
194 801 879
119 377 13
432 581 896
5 152 209
273 720 452
596 794 953
834 915 990
139 969 4
639 698 907
92 815 225
181 522 780
904 906 812
373 931 561
72 658 666
161 935 843
2 357 658
593 996 816
27 986 521
193 502 8
89 645 273
770 894 699
169 381 15
49 279 375
602 973 394
508 876 7
613 924 970
827 992 104
334 720 271
148 540 440
974 992 804
589 882 433
210 949 606
495 820 469
775 806 876
392 853 195
154 796 21
227 894 683
384 617 584
162 291 369
67 354 158
659 870 725
715 866 55
37 882 376
444 852 723
391 831 606
124 736 350
327 957 580
572 600 954
619 723 857
103 582 725
380 969 349
492 659 68
509 811 710
129 869 563
155 997 714
393 952 502
76 289 481
648 674 824
81 509 60
155 914 989
85 477 367
142 652 240
453 949 665
203 942 372
424 913 117
596 975 975
228 459 632
397 578 918
192 406 159
19 48 626
198 630 1
180 229 844
511 757 145
47 887 687
21 146 278
234 966 716
385 968 590
812 945 966
299 526 525
433 528 670
40 910 334
762 887 464
361 822 773
70 862 669
84 396 331
463 773 296
377 444 501
67 885 592
822 999 141
697 994 881
24 928 994
44 611 307
679 871 681
567 966 880
555 902 835
37 419 173
75 752 420
418 842 573
495 840 47
261 640 10
67 689 181
379 739 886
487 724 39
658 704 463
37 645 649
116 130 155
346 395 995
600 766 640
341 660 396
197 592 320
197 962 997
42 531 552
315 525 477
32 179 153
160 953 735
275 472 812
856 993 348
694 853 996
272 998 140
88 570 974
596 850 742
155 668 355
268 917 266
929 949 340
477 521 114
652 883 2
271 339 446
186 825 375
304 848 296
605 702 683
92 791 708
330 908 941
352 588 329
105 952 94
566 863 404
173 579 16
265 904 743
503 744 23
567 663 333
288 487 296
169 292 639
524 746 534
174 983 29
452 669 418
344 830 159
421 646 965
466 497 393
451 607 394
88 259 605
434 787 117
519 566 566
814 897 694
447 632 553
612 864 453
417 430 652
127 593 41
174 925 969
335 900 473
284 954 694
195 241 134
207 277 27
96 346 753
224 783 649
12 738 709
859 935 818
76 395 28
915 998 31
424 843 307
96 440 599
663 808 300
82 647 595
30 511 564
142 725 225
61 539 552
13 664 513
105 463 152
431 534 473
105 600 342
229 551 151
56 483 728
40 552 631
648 807 199
385 903 179
173 884 485
122 876 524
406 666 778
762 828 36
420 802 971
624 900 71
75 892 411
518 958 560
431 647 302
226 487 861
334 586 562
537 557 22
495 573 890
560 762 533
124 793 745
6 619 34
46 408 664
679 823 728
272 309 513
884 946 164
261 695 500
193 853 326
698 954 525
296 586 198
188 616 727
755 820 606
438 480 805
565 571 849
215 246 692
487 621 708
436 705 731
147 398 920
358 828 646
449 586 412
871 971 282
51 810 532
430 759 901
270 584 495
828 926 894
119 459 341
764 796 567
613 799 680
664 719 214
89 168 633
194 849 336
525 811 118
73 884 788
68 569 192
34 889 945
678 694 863
290 751 320
725 761 500
35 993 322
177 871 663
643 682 193
19 132 925
907 981 942
950 981 998
212 258 610
153 724 91
522 631 116
52 794 944
18 982 44
442 762 62
325 653 941
614 719 887
64 215 137
134 915 115
32 61 188
745 797 24
961 968 594
102 386 341
321 553 521
197 406 856
206 412 948
227 784 335
889 1000 996
292 860 691
184 957 501
891 988 157
409 984 754
763 899 39
568 803 632
555 699 570
572 891 192
497 695 158
750 938 719
92 208 722
755 784 826
168 736 260
188 739 672
345 756 295
92 209 629
20 932 530
358 646 927
384 935 450
211 928 243
509 667 153
820 865 816
363 790 623
414 918 922
146 304 979
552 819 249
39 63 217
367 914 570
408 971 546
185 287 604
424 545 830
498 878 564
66 106 188
359 947 380
584 755 909
618 990 190
198 390 978
414 707 369
117 766 980
622 873 863
762 884 254
579 598 13
628 797 901
204 529 413
463 772 937
101 780 598
308 902 272
495 516 53
745 761 293
47 283 728
69 191 383
1 439 252
352 493 67
325 470 231
343 890 748
90 704 621
196 468 762
166 1000 112
512 754 930
110 481 369
383 919 355
702 805 291
206 948 45
23 68 425
390 969 130
699 866 318
601 688 661
368 573 715
388 858 233
449 461 73
363 643 299
9 101 962
228 383 147
187 683 886
739 845 973
304 962 174
268 613 360
511 889 285
757 994 920
153 652 756
249 315 939
628 881 309
544 591 148
822 849 626
731 780 969
19 632 853
370 944 561
97 872 923
42 494 580
226 332 623
335 466 995
81 700 36
452 813 401
662 1000 581
40 423 128
188 871 491
616 890 904
232 734 393
339 354 596
612 865 643
135 206 266
841 949 398
719 956 490
96 347 407
315 699 289
577 780 765
181 350 69
334 339 939
703 761 21
673 958 224
416 449 942
881 905 626
691 782 986
76 362 172
742 947 880
363 734 94
39 455 874
80 252 986
601 942 505
700 806 898
407 464 133
514 958 547
442 901 409
138 758 144
583 808 704
308 314 758
809 891 364
812 890 382
463 990 918
700 763 610
632 773 577
7 391 469
504 771 8
37 183 943
277 632 138
357 682 131
496 758 708
483 846 933
879 922 308
39 749 421
250 572 962
516 601 61
812 947 196
758 924 169
979 993 53
767 838 87
344 680 549
357 878 200
56 759 566
439 856 530
392 665 772
410 590 59
160 661 321
177 329 884
529 764 195
56 614 686
224 812 476
600 695 833
177 730 874
785 795 206
310 862 558
58 175 928
397 890 74
513 945 489
919 981 232
85 455 637
247 471 265
307 994 864
489 523 399
682 826 677
475 552 788
78 631 2
173 949 187
526 971 960
160 192 927
125 552 347
454 934 231
379 565 218
464 726 926
194 483 157
381 783 785
773 931 619
373 655 496
174 592 527
484 616 833
198 298 687
381 992 750
540 961 457
657 795 409
382 550 742
374 410 673
3 245 281
457 478 789
304 583 950
13 33 751
567 734 502
683 745 692
425 649 441
118 782 601
844 956 954
5 798 79
135 995 349
706 957 385
72 961 905
542 682 126
227 787 432
505 661 865
145 548 226
75 679 844
520 568 726
28 887 753
101 316 312
92 520 362
283 803 130
625 998 672
457 628 582
741 748 694
177 373 74
668 793 215
72 492 580
96 498 886
134 244 958
16 723 50
290 302 756
254 583 658
677 807 312
290 641 652
147 248 228
77 839 947
333 733 566
212 978 960
229 924 54
747 979 75
169 993 352
276 579 575
761 895 444
265 470 774
35 968 651
843 865 820
385 861 205
562 971 699
576 723 536
494 626 369
557 880 242
138 892 170
75 217 44
222 408 122
372 705 261
143 544 807
442 671 557
614 793 599
170 529 159
156 732 328
149 645 802
839 974 195
512 806 771
303 637 835
89 897 874
671 806 522
232 626 135
146 830 769
54 991 896
645 964 530
564 920 288
46 691 160
379 594 968
564 783 178
250 934 262
48 386 127
254 528 438
4 597 608
143 190 474
95 677 963
367 832 570
53 81 135
441 823 699
117 782 53
81 360 417
100 220 883
686 831 659
247 415 149
313 365 634
235 588 786
639 751 635
285 896 573
143 358 890
346 670 849
22 605 694
49 913 579
27 529 508
127 424 977
532 630 819
170 723 229
486 569 279
14 352 246
791 888 375
159 942 898
247 624 743
602 609 273
774 981 904
403 792 120
118 967 733
528 751 250
45 769 553
616 748 127
305 939 315
44 464 333
76 961 151
844 859 289
380 591 137
533 997 761
129 487 524
258 261 264
426 675 151
323 825 58
194 566 841
664 778 773
79 397 187
101 197 308
475 944 392
385 424 269
285 399 309
103 648 27
29 906 215
46 792 434
251 774 55
864 959 801
920 961 606
81 315 863
411 758 267
509 563 660
682 839 852
150 933 571
158 464 850
420 767 251
169 825 45
960 988 408
83 799 467
82 822 220
204 229 250
367 683 248
299 571 313
207 567 421
43 574 61
123 268 666
605 640 662
326 419 535
338 597 405
503 601 54
240 959 586
649 931 947
508 980 130
370 981 609
520 848 784
180 730 104
163 352 299
260 762 681
732 986 234
126 377 647
580 980 147
151 368 222
68 306 330
236 632 850
482 664 523
276 278 631
177 511 469
294 443 113
56 760 576
148 200 657
833 960 978
387 804 36
63 991 270
335 922 185
430 650 452
241 541 766
27 950 914
819 854 196
327 619 677
208 241 124
205 239 693
104 930 346
414 809 118
384 844 919
8 552 348
150 871 53
103 829 346
200 484 340
290 749 397
774 874 689
622 992 724
174 593 77
212 268 673
359 623 730
70 742 944
511 816 841
117 649 128
38 275 576
745 993 179
264 300 48
84 181 962
507 550 948
778 829 886
71 494 847
274 524 279
335 405 671
140 165 411
452 727 194
175 429 79
69 106 997
163 493 508
196 728 90
278 942 376
317 652 290
12 254 780
434 680 934
844 867 863
318 986 224
559 760 30
563 774 626
563 765 722
158 803 373
380 631 593
253 255 116
520 648 647
225 390 601
801 909 922
673 682 583
298 561 79
634 925 43
230 406 842
305 447 692
253 449 212
458 955 34
815 997 279
103 579 83
453 656 301
470 900 778
149 472 580
747 837 571
399 650 453
428 752 906
838 891 2
33 224 481
471 690 699
132 252 980
5 10 258
299 357 707
259 755 725
665 916 684
540 768 196
249 451 897
191 416 568
484 702 947
80 483 216
87 736 956
184 449 74
78 925 537
736 793 952
130 670 237
627 836 238
187 595 625
369 596 562
904 937 427
2 324 694
314 594 481
114 992 310
351 989 905
101 778 389
925 926 689
382 829 185
101 667 433
230 369 985
288 700 788
309 846 101
662 962 804
120 891 962
28 694 668
178 359 439
567 963 237
163 393 959
37 416 866
741 988 443
427 524 738
227 782 989
456 492 683
36 551 528
726 912 43
188 530 238
63 902 669
301 926 682
141 821 178
682 703 97
320 916 629
569 743 358
8 529 133
932 998 9
517 912 630
578 670 293
371 644 232
556 841 514
85 367 778
694 731 780
147 900 264
259 606 768
319 642 432
105 754 104
159 981 935
721 784 551
221 912 957
627 661 662
276 727 343
317 445 382
190 949 402
29 489 496
515 574 728
386 758 544
61 952 606
528 947 334
80 606 39
305 639 372
437 870 873
459 754 737
443 745 666
779 851 146
687 954 905
201 783 46
537 933 229
297 380 315
336 881 149
351 582 498
365 591 55
569 719 835
205 593 427
400 785 219
82 175 386
211 433 499
175 714 438
309 757 438
201 468 660
439 886 138
506 773 17
73 658 454
845 884 522
439 999 528
426 450 350
409 688 459
29 871 892
431 823 92
168 841 702
685 796 151
210 444 226
107 844 859
293 899 851
241 338 222
703 840 107
818 905 773
742 806 65
66 287 865
553 791 185
556 926 318
405 646 176
318 441 416
324 618 414
206 594 462
268 805 472
51 399 32
361 533 705
147 928 96
60 583 680
640 751 428
240 323 364
4 910 900
174 570 20
91 700 159
535 583 79
174 677 436
31 740 769
32 206 411
164 475 554
2 490 96
386 845 192
545 896 658
621 719 526
317 788 823
9 579 487
139 540 681
88 196 944
515 841 221
697 942 628
421 726 671
46 189 856
619 781 845
434 931 936
469 683 423
193 697 828
196 264 618
110 722 256
280 803 999
228 697 622
33 957 303
612 775 462
315 507 497
188 619 540
159 186 749
276 390 914
827 868 57
444 844 428
603 765 179
159 331 601
328 973 353
149 225 521
479 558 737
760 976 790
281 473 326
29 181 123
654 922 351
188 826 428
516 927 219
208 242 807
559 795 346
232 248 240
81 405 402
734 818 921
223 459 168
372 926 777
347 532 437
242 322 780
481 538 624
208 830 20
195 584 412
242 527 680
576 713 21
562 948 422
138 744 690
799 822 612
697 744 22
649 845 873
150 287 792
779 923 747
532 781 914
19 690 500
44 635 879
283 761 154
356 913 936
286 712 984
53 927 792
59 350 766
232 890 324
512 860 176
2 50 955
63 655 187
175 541 941
16 250 807
62 929 337
253 254 849
340 946 510
223 875 379
225 502 653
393 706 594
826 851 102
258 657 647
372 498 283
676 746 698
765 931 277
634 892 666
256 356 977
28 145 697
657 807 50
241 625 943
81 258 649
13 733 467
431 690 818
199 310 832
113 945 159
264 909 992
308 641 669
414 695 64
181 761 221
812 941 21
192 814 634
504 752 845
535 655 451
499 823 964
83 564 331
425 969 248
321 744 536
175 253 797
69 410 713
161 816 794
541 685 253
232 967 614
212 229 73
31 867 831
273 431 159
628 685 799
26 97 718
121 165 608
508 739 519
348 916 361
404 934 927
681 724 123
132 1000 661
478 642 425
76 701 493
405 798 256
890 955 749
68 862 110
665 676 915
467 836 344
270 289 98
368 655 993
47 561 295
83 773 271
59 632 458
302 737 701
269 424 804
807 936 492
748 896 245
97 530 163
652 766 418
53 531 881
506 671 227
445 457 459
69 493 942
278 299 471
362 392 812
236 481 909
328 391 140
64 385 627
84 972 904
446 815 452
286 512 439
417 727 844
295 722 446
116 349 152
192 357 883
103 113 165
16 179 726
185 732 436
41 512 78
279 522 119
97 344 436
1 178 48
771 946 138
131 531 340
46 354 664
175 698 435
201 475 752
383 551 681
901 912 846
228 996 166
90 965 825
426 451 82
228 843 174
450 477 19
362 753 371
59 691 990
298 665 419
25 967 14
68 803 922
864 962 349
25 624 6
651 996 315
229 240 213
530 751 301
513 987 165
138 768 991
328 622 553
385 761 414
161 298 734
434 584 1
632 683 542
212 635 477
420 584 536
95 974 683
209 703 795
765 962 629
605 877 963
347 809 341
83 639 217
334 940 308
498 742 27
83 748 415
311 388 930
661 985 185
186 872 464
305 747 830
44 656 59
623 920 970
810 933 638
175 632 5
197 208 961
608 857 188
166 853 133
44 325 338
16 814 537
89 872 985
236 905 529
111 751 552
319 466 713
46 382 684
693 705 612
29 729 448
918 941 596
668 816 443
559 949 325
656 764 271
194 826 920
775 970 985
863 964 805
384 846 652
81 404 7
690 870 161
624 823 227
424 954 710
42 265 159
298 927 480
170 746 622
535 791 940
220 872 384
308 507 518
367 600 373
78 741 685
389 774 265
62 185 602
624 710 105
22 539 367
459 863 207
322 461 790
888 938 759
253 712 501
26 360 671
465 952 718
139 571 958
307 321 373
496 646 822
53 926 600
37 313 618
79 914 704
407 667 711
376 459 913
486 659 605
148 537 129
3 374 621
289 581 962
936 971 215
612 804 383
375 654 992
354 903 194
175 995 432
385 555 808
63 211 16
582 757 240
739 742 427
88 141 352
225 832 77
324 540 317
327 367 866
630 844 369
206 536 935
212 989 867
708 954 369
656 789 323
397 637 683
367 527 870
299 359 471
468 694 713
584 759 938
249 987 228
464 693 706
899 933 489
312 777 695
669 851 596
302 420 64
515 597 84
588 901 758
237 305 16
113 355 961
830 862 268
377 470 281
511 935 129
260 783 831
335 341 183
430 443 496
822 841 861
112 180 39
24 822 592
277 588 475
45 672 443
546 903 972
268 843 225
8 686 968
130 446 941
222 840 730
84 937 622
390 519 493
303 638 293
805 984 956
129 367 349
238 650 160
11 847 505
567 882 157
550 612 566
137 949 871
720 730 215
93 888 839
332 528 814
575 872 301
228 961 259
328 951 283
444 885 585
30 234 639
67 99 856
285 424 249
271 885 511
251 895 697
198 794 150
777 801 949
328 627 345
92 389 106
743 984 442
191 369 229
394 725 878
561 717 916
61 837 393
632 767 314
549 752 702
499 869 845
647 979 950
58 318 173
566 673 473
424 462 716
208 549 766
249 319 333
178 197 521
325 882 829
416 690 94
238 641 530
4 345 232
155 223 262
49 624 482
486 655 137
822 853 374
97 876 110
335 478 275
196 624 327
13 102 548
447 897 760
14 560 718
107 679 296
58 736 911
317 577 276
221 626 116
130 164 103
115 926 61
577 629 745
209 654 200
144 264 927
222 721 694
841 953 919
42 990 375
427 776 967
380 767 881
175 810 114
343 404 723
149 203 623
116 786 567
581 947 330
232 271 100
251 573 613
340 858 133
20 88 544
257 378 946
223 563 292
142 559 663
57 469 552
919 973 600
422 751 657
280 308 415
321 472 20
798 997 719
453 904 249
510 891 986
635 878 165
561 583 516
177 894 185
37 70 720
104 261 618
804 832 618
352 783 989
201 671 311
30 956 677
17 259 461
256 873 939
26 627 683
636 850 133
234 557 932
31 631 456
353 373 142
407 912 145
47 505 851
568 720 617
314 520 768
151 431 165
503 888 937
401 995 846
658 833 475
474 850 122
844 916 93
788 999 689
40 391 222
512 993 187
554 656 863
41 611 744
426 755 801
176 982 524
196 409 219
349 677 803
367 449 219
409 737 933
91 387 707
128 183 142
664 873 851
483 557 79
780 903 267
401 738 747
52 397 111
362 613 651
601 748 282
431 555 539
642 706 773
534 988 79
367 901 145
454 523 859
700 855 456
95 783 23
635 778 739
87 507 54
207 758 20
407 496 953
209 521 168
431 510 141
874 926 308
865 882 518
38 52 734
117 741 682
579 976 570
142 246 187
127 412 539
105 373 454
79 601 367
208 606 659
99 836 57
451 879 313
2 383 216
244 958 306
45 699 37
209 981 638
382 772 685
611 782 740
210 653 472
364 390 490
214 956 118
84 884 752
250 604 661
495 818 440
611 637 443
235 401 563
116 180 988
140 740 196
37 892 664
612 948 314
261 584 626
340 803 785
72 798 862
132 435 162
103 636 299
863 938 75
220 696 24
150 663 399
40 316 143
307 548 821
15 287 990
73 906 640
129 1000 400
556 977 59
81 503 329
46 855 366
142 662 825
91 826 71
76 174 500
96 724 160
142 769 286
587 641 540
761 771 892
583 718 826
105 539 448
184 230 541
282 575 864
437 710 249
289 445 679
695 845 597
274 427 586
773 899 439
21 775 140
36 625 271
339 672 978
268 348 831
105 966 829
277 730 633
369 585 885
23 458 937
120 561 557
295 970 409
408 662 411
331 610 119
98 363 377
303 375 340
10 729 85
173 379 511
309 843 854
400 921 354
34 148 450
387 677 94
64 470 528
157 775 922
31 242 541
524 945 784
68 373 205
76 808 188
140 825 78
319 631 924
346 405 885
550 839 433
664 818 261
278 538 918
284 963 244
863 889 355
115 449 591
634 815 630
51 934 749
207 523 715
42 684 67
711 714 760
17 986 415
414 868 72
381 399 199
538 783 669
471 738 798
208 986 510
225 988 90
873 984 792
124 198 614
125 635 100
366 383 444
373 545 173
445 884 469
172 716 61
238 821 418
373 722 692
389 861 361
874 937 888
105 640 892
200 876 444
316 886 843
201 722 377
762 917 215
688 784 324
709 906 610
378 922 275
127 293 902
421 430 251
232 342 855
415 640 418
416 546 392
191 901 549
88 154 695
70 94 314
36 986 351
622 685 777
277 464 795
116 296 773
250 434 27
13 502 36
23 829 298
27 678 804
546 650 300
250 549 539
136 878 681
37 722 738
810 978 51
64 720 935
599 608 741
12 272 619
272 493 283
370 448 263
119 735 878
93 716 255
180 333 617
224 756 888
318 322 434
263 327 799
172 771 42
51 754 248
358 978 892
198 775 540
25 743 743
284 372 848
178 723 491
216 546 777
747 927 206
574 988 199
134 621 72
341 958 15
313 510 926
291 767 582
274 499 611
683 853 936
61 985 882
523 748 701
446 653 961
116 673 621
503 830 60
248 559 293
554 861 107
518 944 61
217 485 501
644 878 97
459 608 275
611 866 261
101 720 774
413 756 889
76 914 660
405 712 265
63 660 972
197 222 48
130 137 732
684 736 995
22 411 146
374 521 697
11 918 607
569 864 187
63 586 890
64 572 633
12 308 934
607 805 124
440 650 649
439 964 924
214 460 28
129 786 221
116 998 659
33 510 464
472 650 275
107 813 928
200 409 375
310 962 313
665 753 608
601 755 697
319 912 672
808 947 861
256 266 564
215 699 757
8 699 737
405 679 654
506 728 293
385 731 688
146 488 423
86 182 159
125 660 334
111 311 279
498 697 834
687 793 359
342 526 997
187 587 492
79 713 748
335 371 859
585 588 68
362 447 852
130 297 625
403 999 963
1 572 997
878 910 335
455 587 408
801 889 742
93 223 744
114 701 956
496 535 596
50 178 923
261 772 410
387 729 645
493 801 177
533 936 60
275 920 823
7 433 383
345 988 152
418 703 699
2 706 228
711 963 197
430 682 549
383 846 261
388 590 348
246 782 766
7 228 332
279 763 553
310 831 213
290 299 85
27 143 696
108 969 312
229 455 677
406 792 794
87 414 1
489 891 686
484 698 937
522 642 787
35 687 626
127 256 710
343 872 627
407 987 484
286 664 684
143 615 570
35 408 129
416 630 246
680 963 442
227 596 190
176 546 61
32 582 318
162 525 312
35 361 263
110 943 82
236 670 751
277 300 172
563 831 962
810 876 198
281 636 567
289 615 966
289 934 342
422 773 679
10 395 35
671 946 749
936 937 322
77 337 221
520 680 789
710 751 889
383 925 853
153 306 725
137 661 526
86 592 302
110 346 584
863 888 784
811 981 151
59 680 447
391 681 316
328 663 159
204 314 463
165 741 647
384 776 989
190 204 793
68 744 107
609 964 181
929 989 702
407 458 45
352 869 295
456 763 708
613 743 637
360 595 31
96 239 402
593 635 650
762 914 352
17 71 763
477 853 335
294 693 505
429 978 858
774 974 450
41 218 626
438 979 252
6 759 621
244 870 486
128 609 176
210 997 578
343 707 442
292 771 976
250 496 749
150 919 168
81 592 896
278 874 771
266 930 366
283 960 157
202 528 815
370 622 761
7 505 447
211 290 324
426 878 644
91 264 332
185 695 348
225 450 853
105 116 145
646 867 612
150 626 175
160 766 273
110 374 554
954 984 713
3 780 544
254 561 75
310 999 60
725 908 865
781 938 802
513 984 584
885 994 380
708 877 987
481 897 892
873 955 760
152 540 137
312 997 929
118 376 195
428 986 954
151 929 546
298 506 483
246 476 716
416 865 144
336 553 256
787 963 119
292 355 267
114 981 824
689 753 157
287 424 472
442 451 566
411 452 44
1 576 944
398 706 364
187 381 120
597 826 481
176 746 877
73 118 780
405 415 428
317 611 344
26 573 119
2 715 736
900 934 399
49 94 381
20 681 267
380 735 821
107 625 771
897 985 522
438 507 639
516 869 874
401 855 598
833 884 831
46 607 684
107 927 536
583 974 59
223 529 154
258 951 454
595 898 48
100 300 417
266 410 493
530 703 277
233 837 162
551 855 373
509 752 90
665 752 269
371 723 761
100 435 338
319 915 903
301 644 269
15 426 785
777 895 282
81 282 164
99 330 522
803 956 162
848 866 32
186 777 622
43 640 501
549 694 667
237 330 500
123 303 98
260 790 70
227 349 338
714 809 328
293 823 104
83 378 725
66 628 284
641 850 467
52 519 253
101 866 221
31 907 747
336 829 54
31 792 499
240 525 442
645 712 683
300 815 733
15 820 478
480 523 834
115 856 602
44 292 769
814 960 604
529 944 124
15 933 382
236 1000 888
516 714 135
542 590 907
249 531 904
430 568 203
111 129 583
150 570 122
890 931 850
552 939 6
29 910 209
56 879 772
394 474 793
204 501 457
42 488 386
38 884 789
156 231 915
531 981 385
539 558 435
665 927 972
43 863 592
304 989 692
359 569 368
90 105 52
498 587 741
304 499 59
144 581 279
473 831 733
627 986 143
649 796 180
43 637 508
75 172 899
135 654 164
65 374 668
831 930 488
239 810 978
328 510 252
473 763 89
148 585 340
127 839 59
537 671 113
41 552 95
357 974 978
659 797 148
185 934 216
205 283 182
171 663 696
283 773 297
45 259 52
56 548 424
183 405 879
246 875 661
45 404 512
396 834 994
150 689 488
246 359 657
109 370 900
384 696 83
6 291 123
543 600 934
147 907 344
85 219 166
471 962 368
467 535 976
127 449 303
256 640 124
282 896 524
608 804 390
386 866 529
5 668 557
156 792 833
30 865 642
288 384 84
339 591 550
477 852 989
101 984 650
65 338 982
412 545 2
199 747 498
292 479 490
333 971 923
473 678 59
413 750 485
567 909 347
461 546 558
101 523 686
488 704 797
303 543 88
125 262 648
14 849 925
928 935 196
383 547 485
426 572 107
98 945 622
375 992 429
107 946 987
56 960 200
73 614 332
368 882 637
129 820 849
65 694 946
86 748 679
129 933 436
349 770 149
781 937 494
690 894 194
254 641 312
595 711 980
526 583 227
639 986 78
358 931 576
75 347 292
129 583 968
29 166 245
19 112 655
94 468 103
39 333 699
242 347 971
317 363 468
364 842 186
717 970 293
350 781 844
886 963 151
138 753 761
605 873 900
476 675 828
23 302 312
97 931 617
278 344 196
109 956 394
628 860 179
362 761 4
145 390 876
187 271 878
79 789 143
827 991 448
171 787 178
11 682 497
396 480 649
309 897 66
63 662 430
123 831 371
171 561 24
542 704 74
11 25 572
175 858 690
396 597 501
92 196 110
560 830 889
211 686 981
30 150 217
413 822 971
629 908 935
158 246 336
292 737 815
159 455 8
742 884 435
64 843 823
12 747 302
396 778 674
254 701 274
479 856 533
165 457 496
739 940 793
96 698 938
62 67 579
327 421 495
9 934 34
172 662 591
375 441 529
70 585 378
252 676 593
296 406 807
202 474 165
88 792 837
235 667 884
95 191 680
120 536 382
371 767 662
169 475 576
779 926 873
303 768 193
183 863 255
295 769 814
267 288 299
892 943 926
594 949 71
296 752 181
183 918 478
413 583 340
343 650 40
392 862 82
62 938 727
272 408 461
1 254 171
663 676 922
98 902 586
409 849 845
272 567 63
45 286 917
569 604 251
815 995 40
525 613 335
506 937 556
125 129 288
57 417 831
630 934 182
480 552 150
9 262 538
102 691 369
363 782 719
418 453 199
591 762 101
102 184 634
468 579 19
18 366 593
221 902 725
133 208 717
319 741 966
344 495 470
420 555 192
4 67 746
173 818 869
304 941 189
287 997 471
238 638 792
687 831 535
389 536 900
53 683 285
61 112 464
270 866 742
65 140 482
404 734 526
66 601 254
128 744 261
277 441 111
95 454 830
46 254 10
141 282 703
145 735 170
71 114 598
117 171 246
192 286 618
41 559 784
270 972 592
452 983 1
110 655 543
174 380 19
841 897 19
382 483 531
42 998 656
220 447 312
137 522 812
138 469 518
175 786 332
54 65 359
867 962 171
135 384 220
267 776 986
174 503 387
725 773 292
172 794 474
86 816 197
471 767 226
299 310 174
427 937 54
346 758 620
60 552 124
276 733 811
709 853 442
467 534 884
181 728 922
423 559 389
326 446 655
75 250 273
283 502 98
39 987 865
669 676 141
187 629 533
567 750 426
135 514 666
122 277 407
153 807 932
139 468 214
261 969 567
598 694 119
54 656 404
516 621 675
520 616 400
224 451 775
54 379 239
327 862 586
608 912 80
10 316 565
850 964 931
327 636 410
685 790 449
424 820 237
738 992 629
690 895 976
74 828 727
4 711 543
406 855 404
152 370 943
225 908 33
394 403 484
103 871 897
217 780 198
347 401 424
104 250 99
13 736 769
40 642 493
502 942 748
618 911 420
35 905 747
243 894 695
523 656 853
108 320 555
389 975 833
140 459 241
370 858 676
109 810 575
183 551 669
494 668 605
134 797 557
325 850 385
109 955 699
402 477 51
351 898 268
14 609 465
611 871 711
214 916 793
213 719 537
435 637 433
679 806 837
295 749 373
387 766 923
279 436 537
447 566 493
728 824 544
98 624 694
767 846 221
897 942 785
76 883 755
520 952 444
229 347 794
135 443 761
729 940 641
38 642 80
232 367 972
475 917 17
635 691 594
582 960 401
431 582 135
489 721 343
642 734 152
530 607 705
303 350 909
540 800 499
420 538 129
47 869 972
194 507 847
109 236 392
26 544 590
333 996 846
276 568 760
394 888 404
99 503 447
470 739 205
493 623 950
507 575 103
515 794 811
60 165 505
49 700 940
257 943 684
59 487 383
98 323 966
745 772 848
361 755 772
249 838 821
675 702 19
6 588 196
73 481 814
241 839 294
332 666 995
222 514 33
297 745 32
11 951 810
488 936 64
841 996 161
457 915 824
224 994 933
157 498 309
71 977 797
167 697 48
918 979 357
489 916 118
393 708 231
287 736 400
147 437 583
445 680 977
595 928 677
856 864 407
29 986 839
59 623 260
206 754 166
399 484 292
587 929 798
320 732 125
506 763 199
181 801 360
310 719 639
114 452 144
647 708 555
74 598 527
556 642 798
523 728 911
636 807 692
29 399 509
86 632 343
36 637 71
717 755 251
888 971 555
373 909 25
508 932 190
22 794 650
248 473 546
451 732 301
268 446 165
70 118 441
143 974 881
438 970 186
735 864 598
727 944 817
224 305 958
84 805 507
141 362 814
827 887 260
206 368 565
119 977 299
193 891 461
310 466 26
46 328 734
33 639 385
183 241 425
295 411 857
697 924 185
163 893 341
811 953 370
59 828 987
654 933 300
237 537 755
517 743 362
863 906 404
384 924 745
74 793 818
411 600 384
276 777 720
99 678 258
405 619 417
168 957 64
691 938 675
643 975 200
124 194 114
475 616 82
596 868 790
472 786 974
38 225 521
406 517 451
97 532 233
173 663 260
105 789 974
514 757 226
342 986 481
473 793 967
22 964 674
321 861 531
661 975 40
407 907 673
723 919 869
740 991 37
72 547 811
567 911 331
70 237 448
251 941 353
546 646 741
178 258 689
145 587 776
172 292 552
118 616 334
470 705 102
362 950 277
148 333 52
3 450 236
261 746 323
318 917 766
716 824 251
73 266 297
273 291 646
99 774 184
109 418 400
231 745 794
433 994 126
258 575 751
257 855 284
707 852 445
330 981 298
287 696 833
25 969 165
135 372 486
124 401 833
752 970 897
110 228 836
646 896 150
25 634 333
302 954 631
117 889 683
695 753 547
548 753 945
364 678 125
181 1000 529
256 465 79
146 384 321
493 983 171
310 695 864
8 481 577
212 641 14
85 253 301
285 971 648
769 902 422
666 874 660
498 574 718
198 455 988
182 984 770
561 757 787
244 560 956
170 703 184
145 491 461
414 723 977
351 909 391
9 580 788
140 298 250
257 578 903
244 982 776
269 795 538
788 893 451
291 831 57
273 472 903
19 780 785
524 791 532
602 879 196
78 796 733
135 775 901
174 219 238
500 909 309
192 502 380
166 990 303
81 962 260
102 984 851
305 314 255
135 442 552
10 160 471
656 754 116
231 610 988
20 121 916
162 214 717
617 785 423
341 948 447
752 837 700
32 293 388
158 421 396
108 624 527
18 264 912
403 446 754
65 803 391
708 979 882
843 892 782
811 922 952
226 854 972
464 719 23
467 608 34
394 662 739
218 498 671
368 427 440
291 671 702
471 885 402
256 842 200
286 902 489
65 367 479
896 997 529
311 486 582
334 573 431
300 629 329
304 624 596
408 887 92
896 916 665
594 657 579
395 792 420
299 786 495
425 513 907
253 917 598
326 835 448
390 684 333
563 852 821
541 628 454
11 950 510
358 451 473
396 740 105
306 761 150
93 671 375
245 964 176
360 370 655
588 689 649
312 501 602
315 762 454
124 362 148
380 988 394
458 645 567
310 930 299
635 975 849
690 772 258
270 332 858
95 729 640
207 947 26
8 347 3
329 769 7
226 651 417
354 436 469
373 584 480
235 603 676
476 839 947
256 520 800
591 794 140
540 792 343
429 695 457
276 682 777
194 335 811
503 507 762
14 482 631
17 462 857
74 265 354
91 765 678
395 713 246
142 326 551
148 903 698
373 908 815
692 784 706
822 835 211
117 407 192
232 959 441
49 735 678
305 821 821
226 273 856
110 947 243
805 881 843
239 533 639
165 658 369
98 727 817
282 414 23
84 806 593
231 913 28
178 287 347
22 468 525
188 964 24
541 968 230
175 574 354
521 944 911
98 569 414
392 892 908
154 839 11
49 155 245
422 904 273
295 410 213
810 906 400
48 93 868
214 558 669
234 312 654
327 773 891
345 734 850
238 275 531
368 732 563
259 795 840
483 505 50
66 307 259
61 524 93
247 481 973
391 587 953
167 224 792
161 335 990
790 914 111
240 351 636
647 952 371
248 826 957
69 581 207
415 617 944
291 599 285
18 901 981
694 834 634
5 665 657
282 830 375
108 124 977
951 984 104
38 339 47
523 933 813
13 15 57
71 281 488
277 618 844
784 882 894
18 566 648
662 887 204
421 651 650
580 644 548
12 88 221
786 857 561
741 919 495
50 886 595
37 588 742
166 800 932
437 591 364
357 880 119
598 991 546
125 500 908
208 480 23
140 739 825
70 718 31
208 383 190
101 204 682
376 965 917
305 511 221
281 630 240
663 829 188
145 790 194
657 745 539
331 341 142
281 769 259
502 829 812
639 852 248
696 992 257
346 857 399
75 301 888
613 805 11
7 748 888
34 586 462
18 199 760
200 830 718
665 852 999
463 563 127
507 823 152
182 985 338
91 692 831
511 775 645
666 922 451
170 301 79
361 874 794
268 658 428
84 154 532
321 824 741
184 624 917
580 986 100
100 652 943
139 532 340
123 613 251
4 458 232
653 995 246
784 862 729
89 550 745
262 508 290
174 216 200
771 774 80
559 751 199
531 579 739
810 947 221
374 786 903
491 722 278
862 999 602
3 590 974
388 704 550
197 908 454
96 369 121
617 945 473
587 857 587
9 495 133
409 517 994
263 422 925
55 512 353
441 773 201
635 915 524
462 941 194
260 478 464
563 931 989
873 923 500
35 982 850
697 774 35
276 544 299
62 209 427
63 376 368
265 305 796
583 881 787
493 843 554
80 496 679
282 596 787
78 910 401
49 976 525
325 820 631
519 828 721
204 631 171
406 415 506
335 495 344
407 946 895
100 672 885
174 939 785
510 811 300
3 65 732
83 495 790
374 690 810
156 609 869
801 892 967
437 770 816
257 990 53
84 771 977
254 471 186
36 110 931
261 783 596
230 428 909
400 988 904
732 806 887
127 828 685
171 542 839
541 916 971
175 650 35
131 592 68
90 533 114
88 528 449
610 752 771
542 989 623
590 969 376
516 980 284
349 933 221
479 522 192
198 934 914
384 946 901
332 856 339
256 380 119
233 694 420
794 871 13
38 167 233
517 837 135
327 389 337
347 584 665
242 414 368
855 912 327
324 840 921
104 466 314
566 732 880
661 824 808
709 912 122
403 921 737
10 993 843
452 542 668
398 924 204
499 605 498
88 132 633
89 749 549
240 847 741
374 670 631
69 164 402
625 636 875
404 575 231
728 835 60
417 700 94
228 746 844
608 792 287
202 761 801
617 734 516
358 492 837
620 983 796
97 374 599
435 962 993
748 804 941
23 626 305
175 908 281
181 335 651
183 401 809
233 880 519
159 408 623
38 603 831
133 893 263
581 639 483
630 816 91
377 974 431
42 456 381
354 486 84
81 358 453
635 859 281
233 547 751
229 511 172
557 680 269
907 953 878
830 875 2
666 788 23
739 886 951
209 587 758
131 272 878
133 322 492
687 879 682
263 963 893
268 751 652
394 830 509
753 999 453
353 497 700
389 633 662
66 918 893
549 987 103
117 505 104
209 902 918
452 626 651
144 835 165
731 793 289
293 829 570
822 876 170
427 980 298
741 773 647
46 910 143
68 433 607
165 693 331
387 647 412
182 190 188
491 971 96
383 713 810
365 942 658
82 164 454
589 691 206
91 346 112
211 297 15
440 517 418
461 913 614
121 532 637
516 797 204
580 787 45
565 604 761
12 620 721
107 950 664
242 915 717
462 692 484
120 459 547
449 644 553
105 298 179
358 980 7
95 643 465
318 422 150
638 751 599
330 528 522
171 192 677
548 834 876
313 407 605
317 359 793
713 918 647
352 774 681
120 790 225
433 763 196
285 634 365
108 323 311
420 967 138
661 783 414
114 748 56
198 340 833
44 874 362
193 372 597
430 506 617
537 904 759
404 512 428
23 238 325
482 588 307
343 525 564
310 382 722
421 575 57
44 430 886
228 723 270
118 731 714
193 688 17
310 518 565
603 982 532
505 631 465
345 970 684
474 750 748
77 387 298
222 692 162
306 723 157
400 532 794
208 461 688
341 751 444
430 656 591
470 973 594
480 657 418
176 186 991
312 330 734
384 983 555
344 562 233
160 910 264
129 901 38
663 832 733
25 596 253
281 706 516
601 757 999
203 945 436
428 518 117
530 602 925
373 515 539
282 691 642
119 146 553
159 775 789
200 716 82
221 958 435
481 529 821
62 214 873
427 471 675
198 406 149
380 493 449
329 581 571
208 710 550
471 887 401
899 990 58
502 898 923
698 944 799
123 290 575
396 749 50
404 827 59
631 680 549
118 773 481
380 685 75
675 722 669
715 725 183
274 917 154
41 934 564
698 774 732
19 923 776
220 454 425
616 972 205
357 806 820
222 656 55
121 611 476
374 895 412
729 796 417
490 537 684
127 432 965
157 352 235
73 593 873
457 754 313
68 988 325
116 217 5
480 923 992
29 72 537
547 663 726
76 165 483
262 726 264
138 960 313
604 627 610
570 975 193
865 949 510
411 825 950
428 889 454
160 231 322
181 863 465
99 506 167
669 954 955
377 764 558
553 641 923
19 285 783
123 337 914
571 997 464
346 560 571
773 797 538
5 675 685
47 88 299
661 936 618
299 795 452
692 786 739
365 534 655
779 958 728
265 1000 324
188 224 93
260 533 979
45 809 452
232 816 996
49 302 472
527 684 155
279 957 574
261 977 84
121 172 46
178 285 924
127 834 344
546 720 671
469 987 236
310 465 661
448 682 748
345 770 281
711 777 965
20 878 615
572 787 929
957 999 651
448 729 537
488 790 202
432 725 928
336 346 833
15 602 189
73 589 420
409 595 208
113 665 389
169 671 359
